cos_t,cos_p
0.12697681452084958,0.0
0.25724650990008746,0.0
0.543601399417431,0.0
0.6836082610309159,0.0
0.6378785396664028,0.0
,0.0
0.27200497597262085,0.0
0.4291829433707186,0.0
0.6443395821369715,0.0
,0.0
0.6267469349699137,0.0
0.17263837208235608,0.0
0.2738861401233884,0.0
0.4927358976215942,0.0
,0.0
0.2803200821717385,0.0
0.4752587129067122,0.0
0.35360044506893024,0.0
0.43593981238889384,0.0
,0.0
,0.0
,0.0
0.19907248865449323,0.0
0.42031366022651623,0.0
,0.0
,0.0
,0.0
0.4113441480302467,0.0
,0.0
0.5760719912507416,0.0
0.3928600744633364,0.0
0.03469085091347001,0.0
0.6210454304660288,0.0
0.14820178844666376,0.0
0.4005754542774191,0.0
,0.0
0.265292295138325,0.0
0.3238367417543333,0.0
,0.0
0.7552811400782892,0.0
0.4068181415642026,0.0
0.3051127827967778,0.0
,0.0
0.7825626384305948,0.0
0.8480475366089844,0.0
,0.0
0.6470222681956297,0.0
0.5782490612786378,0.0
,0.0
0.7585098710017797,0.0
0.7380967359061945,0.0
0.10431127968319216,0.0
0.4197382170074792,0.0
0.4925421837679611,0.0
,0.0
0.40837923194203596,0.0
0.5450176949661805,0.0
,0.0
0.9826364981915722,0.0
,0.0
,0.0
,0.0
0.253436840789965,0.0
0.4731584964491085,0.0
0.6447519424594655,0.0
0.31000658964103256,0.0
0.13820097056698086,0.0
0.510139306937202,0.0
0.22168493368905873,0.0
0.23053302300278497,0.0
0.39611320023341323,0.0
,0.0
0.23634414655863809,0.0
,0.0
0.15481876426334426,0.0
0.6339545336396659,0.0
,0.0
,0.0
0.20080068532516962,0.0
,0.0
,0.0
0.4528538865593624,0.0
,0.0
0.3246198539947625,0.0
0.46250940861404166,0.0
,0.0
,0.0
0.8917083285053536,0.0
0.6660066529466404,0.0
,0.0
0.6356960358399548,0.0
,0.0
,0.0
0.30393777365877184,0.0
0.2670581530925621,0.0
,0.0
0.4017160554288759,0.0
0.9500634172824615,0.0
0.2101373259797493,0.0
,0.0
0.6822813807412289,0.0
0.8351984465748986,0.0
0.6633450719145771,0.0
0.3009907881933081,0.0
0.4842886848186558,0.0
0.3687057012332272,0.0
0.48770164694025586,0.0
,0.0
0.3999178319245104,0.0
0.8393198627222637,0.0
,0.0
0.7161002908283151,0.0
0.6059181298392045,0.0
0.9162706894594813,0.0
0.7724632407674366,0.0
0.6977771750341704,0.0
,0.0
0.7427959142182012,0.0
0.9269136286751719,0.0
0.8852141712300369,0.0
0.41447447455401376,0.0
0.27351029157028367,0.0
0.25590272204969056,0.0
0.850550349496942,0.0
0.1054768245558134,0.0
,0.0
,0.0
0.6256592914258792,0.0
0.3527644410808704,0.0
0.5633680137542983,0.0
0.06940614989765763,0.0
,0.0
0.3467744035309394,0.0
0.5771067726515474,0.0
,0.0
0.7658671116420788,0.0
,0.0
,0.0
0.6077594636477763,0.0
0.8454082986150967,0.0
0.5397845297320063,0.0
0.9503240313967564,0.0
0.5589253550721976,0.0
,0.0
0.7902521159071724,0.0
0.23762849143188325,0.0
,0.0
0.5859387524819911,0.0
,0.0
,0.0
0.5668838383852904,0.0
0.47885514328438405,0.0
0.8909919572204346,0.0
0.27233858621144036,0.0
0.6757953127134224,0.0
0.3843524708753495,0.0
0.160030096943441,0.0
0.3180443191652026,0.0
0.43331229875132066,0.0
0.8157759326967565,0.0
,0.0
,0.0
,0.0
0.2799368947519054,0.0
,0.0
0.43497960137592984,0.0
,0.0
,0.0
,0.0
0.5058079141316412,0.0
0.899819453833576,0.0
,0.0
,0.0
0.6541196360532145,0.0
0.14464555777306926,0.0
0.33522133658225295,0.0
,0.0
0.41653731290378593,0.0
0.533460736411188,0.0
0.2406143889192854,0.0
,0.0
,0.0
0.8666421636396019,0.0
0.451439879394293,0.0
0.46380239729039807,0.0
,0.0
0.23966588583173215,0.0
0.65756980344814,0.0
0.33283589235139904,0.0
0.5699061401734037,0.0
,0.0
,0.0
0.2441763209375837,0.0
,0.0
0.9007247695619724,0.0
0.7829905447952296,0.0
0.8198257913950859,0.0
0.1834678686916376,0.0
,0.0
0.1443199914050772,0.0
0.5676117032711075,0.0
0.6231724305630644,0.0
0.6113803243496687,0.0
0.10707523445459495,0.0
,0.0
0.3771818304409607,0.0
,0.0
,0.0
,0.0
,0.0
0.4503380454881526,0.0
0.2818556091552367,0.0
0.6005347247283338,0.0
,0.0
0.49605375607618324,0.0
0.38967955753386735,0.0
0.8630015174443428,0.0
0.6170116533665106,0.0
,0.0
,0.0
,0.0
0.31154688453642365,0.0
0.8992367741420179,0.0
0.4130972511588816,0.0
,0.0
0.3916589825165118,0.0
0.3318099489695357,0.0
0.39253022813573596,0.0
0.3180642429938819,0.0
0.2475328805794774,0.0
0.7056578336315842,0.0
0.36207825959053946,0.0
0.28260051247073564,0.0
0.5497395321998041,0.0
0.785197675860676,0.0
0.6804238778869466,0.0
,0.0
,0.0
0.16688348491171423,0.0
,0.0
,0.0
0.4161940266763668,0.0
0.9223846739035194,0.0
0.22924166119921724,0.0
0.25881488979198425,0.0
0.5875729378705274,0.0
,0.0
,0.0
0.5265973680989673,0.0
0.223567401659228,0.0
0.29827944570487797,0.0
0.4818647006584568,0.0
0.03864224669568725,0.0
0.5836692797769752,0.0
,0.0
0.2574374339216609,0.0
0.5399441410873931,0.0
,0.0
0.40946110366438265,0.0
0.2697097220875338,0.0
0.32013995675513535,0.0
0.5813070497356598,0.0
,0.0
0.270775158838244,0.0
0.08828127696695323,0.0
0.6455347751433795,0.0
,0.0
,0.0
0.6451402466751377,0.0
,0.0
0.39420572235950535,0.0
0.23528938590452622,0.0
0.3007245668928083,0.0
0.6355333238751517,0.0
0.46973363694255366,0.0
0.3589632484732022,0.0
0.49764447909971765,0.0
,0.0
0.3682288727726708,0.0
0.6398787333048503,0.0
0.4513142074875538,0.0
0.8102666120129886,0.0
0.20544840890135632,0.0
0.523552855559464,0.0
0.37467446855444475,0.0
0.2424357806118477,0.0
,0.0
,0.0
0.49371733111751576,0.0
0.591805651482611,0.0
0.7732969254970696,0.0
0.15859028269375616,0.0
,0.0
0.8623220021237944,0.0
,0.0
,0.0
,0.0
,0.0
,0.0
0.4577308832814808,0.0
0.5450916342286697,0.0
0.771327979746371,0.0
0.4029174604623115,0.0
0.32019190444786827,0.0
,0.0
0.3503555456515431,0.0
0.4990893644452928,0.0
0.7030108098273357,0.0
0.5280208185840484,0.0
0.8105871080406037,0.0
0.5780397754309693,0.0
,0.0
0.22768836971130513,0.0
0.7630704256456197,0.0
0.7628628905066595,0.0
0.46228199513798063,0.0
0.7536490637717198,0.0
,0.0
0.5868930422057719,0.0
,0.0
,0.0
,0.0
,0.0
0.8513194915217647,0.0
0.574096756326741,0.0
0.2120053994476765,0.0
0.2391798353236173,0.0
0.2694024573078125,0.0
0.4828275626601106,0.0
0.3132772232303554,0.0
,0.0
0.5587328525778865,0.0
0.17597677985932883,0.0
,0.0
0.5046555542348801,0.0
0.6757116364941259,0.0
0.6834610286314643,0.0
,0.0
0.4833833789957467,0.0
0.5533712726005456,0.0
0.7065052052934848,0.0
0.6112309143254758,0.0
,0.0
0.36035288844735663,0.0
0.6930666155393067,0.0
0.7080967977169483,0.0
,0.0
0.4235485725961902,0.0
,0.0
,0.0
0.5338253040641852,0.0
,0.0
0.8693610710621876,0.0
0.5002631931713653,0.0
0.6336557353214299,0.0
0.33093192323792675,0.0
0.36497631456392055,0.0
,0.0
0.7448531979687347,0.0
,0.0
,0.0
0.2941126527595249,0.0
0.4562095726920825,0.0
0.6748965670196213,0.0
,0.0
,0.0
,0.0
0.37648409866154875,0.0
0.33568381242810563,0.0
0.6545291593830345,0.0
,0.0
0.6028219037049583,0.0
,0.0
0.18562912167084686,0.0
,0.0
,0.0
,0.0
0.6325539686822013,0.0
0.3163322493815554,0.0
0.26154788282158836,0.0
0.6791185496825274,0.0
,0.0
0.5928731037499674,0.0
0.751247958037015,0.0
0.42178331547621034,0.0
0.7851307708214873,0.0
,0.0
,0.0
,0.0
0.14724610969235227,0.0
0.5225019407793093,0.0
0.1735222893583404,0.0
,0.0
,0.0
,0.0
0.14019169333628495,0.0
0.2663583518034355,0.0
,0.0
0.6822859025321653,0.0
0.8085909481361945,0.0
0.3127134937850149,0.0
0.6649887535896987,0.0
0.5604198721306082,0.0
,0.0
0.660898426572444,0.0
,0.0
0.2505326479354134,0.0
0.794783705031908,0.0
0.12588163522302565,0.0
0.8780186969066474,0.0
,0.0
0.6286842081599276,0.0
0.39052852144339134,0.0
0.20213998577833706,0.0
0.3127603772933817,0.0
0.8949709028317452,0.0
0.32828214904516356,0.0
0.6996202444601144,0.0
,0.0
0.4322306080630172,0.0
,0.0
0.5685924308113278,0.0
0.49234099060942504,0.0
0.8690975865087937,0.0
0.40439454581107886,0.0
0.1268595150894636,0.0
,0.0
0.12898321437355112,0.0
0.5467740777346066,0.0
,0.0
0.7175099537127082,0.0
0.3464311764381292,0.0
,0.0
0.5547952558682807,0.0
0.550924978040166,0.0
0.6894124956757821,0.0
,0.0
0.3959418533058297,0.0
,0.0
0.6758624524835113,0.0
0.48050299165352534,0.0
0.6565998872377119,0.0
0.36368191779614534,0.0
0.5797755020944289,0.0
0.09969501960972309,0.0
0.518914143455376,0.0
0.11215915567817986,0.0
,0.0
0.6967130545334687,0.0
0.5496171900920701,0.0
0.44568924476023697,0.0
0.5885978541323333,0.0
0.2170101264122351,0.0
0.7099707939404415,0.0
,0.0
,0.0
,0.0
,0.0
,0.0
0.6060142610756429,0.0
0.2557297021269161,0.0
0.20127655534653027,0.0
0.40498819936121455,0.0
0.2402455512644487,0.0
,0.0
0.8122579875721959,0.0
,0.0
0.7548793739559828,0.0
,0.0
0.6204349442281494,0.0
0.15202027090691198,0.0
0.7777663986544138,0.0
,0.0
,0.0
,0.0
0.3470007292180257,0.0
0.2633569048651521,0.0
0.2927992986158785,0.0
0.3849951119458503,0.0
0.6321502881935781,0.0
0.7598161815434835,0.0
,0.0
0.44827342274884846,0.0
0.6220901927127984,0.0
0.306588608340208,0.0
,0.0
,0.0
0.16752238819035503,0.0
0.30456385344005915,0.0
0.6125369881855414,0.0
0.37058962437445664,0.0
,0.0
0.47343512940351573,0.0
,0.0
,0.0
0.04969606210472807,0.0
0.6884202579505525,0.0
0.4547441822887944,0.0
0.10084451426826294,0.0
,0.0
,0.0
,0.0
,0.0
0.3065047542280283,0.0
0.4241014765673948,0.0
,0.0
0.6303643483507183,0.0
0.09640606172051647,0.0
0.17895153166379546,0.0
0.07466371514311716,0.0
,0.0
,0.0
,0.0
,0.0
,0.0
0.8863134075256323,0.0
0.5881537692537557,0.0
0.5274908684649886,0.0
,0.0
0.906973885520901,0.0
,0.0
0.44163643810393377,0.0
0.5690378219943504,0.0
,0.0
0.514524540473835,0.0
0.6346657955549893,0.0
,0.0
0.6855571328577099,0.0
0.665862174848954,0.0
0.23558231346761166,0.0
0.7701060767640683,0.0
0.3936568801281708,0.0
0.5059708048865665,0.0
0.3686385089078654,0.0
,0.0
,0.0
,0.0
0.5536645422127019,0.0
0.7193759343185699,0.0
,0.0
0.807273260820571,0.0
0.1540742014434834,0.0
0.19085837206986925,0.0
,0.0
0.23862467662079812,0.0
,0.0
,0.0
,0.0
0.5145032227453681,0.0
0.6962857282560468,0.0
0.4338626273654577,0.0
0.5938850417947603,0.0
0.7387538658612669,0.0
,0.0
,0.0
,0.0
0.19117603434358857,0.0
0.4250674425765601,0.0
,0.0
,0.0
,0.0
0.6334973102235808,0.0
0.3237755607507823,0.0
0.5760448326073295,0.0
0.39306672463485276,0.0
0.7780865196955151,0.0
0.522137853199227,0.0
0.15717423340213812,0.0
0.8591701602163464,0.0
0.4512333165620684,0.0
0.16244089564613626,0.0
,0.0
0.6641891381134684,0.0
0.08059096860424993,0.0
0.07762475864268487,0.0
0.28618687426653583,0.0
,0.0
0.3100775441498561,0.0
0.11354052374465484,0.0
,0.0
0.7984374869313382,0.0
0.11258753985453546,0.0
,0.0
0.4197000876060056,0.0
0.4351106458165088,0.0
0.16225411692308417,0.0
0.37228589023046954,0.0
0.313404928043436,0.0
,0.0
0.2692626828973309,0.0
0.43511729645388425,0.0
0.6047441063012463,0.0
,0.0
0.65335580296631,0.0
0.054891335270241086,0.0
0.5869232774782185,0.0
0.031033172891988772,0.0
0.8357050400892105,0.0
0.40659901656884495,0.0
0.3886790839132309,0.0
0.19361296253504007,0.0
,0.0
0.7478760427651947,0.0
0.5909304362392793,0.0
0.29121415437926523,0.0
,0.0
0.39969608044596705,0.0
0.5518640695302435,0.0
0.39811881763881407,0.0
,0.0
0.6066402651847104,0.0
,0.0
,0.0
,0.0
0.18308210982288428,0.0
0.2691751343373827,0.0
0.5978072883639891,0.0
0.38062022552309543,0.0
,0.0
0.6213637216267852,0.0
0.19364759638961038,0.0
0.36507858877032334,0.0
,0.0
0.4341078033767893,0.0
0.5620241491844211,0.0
0.4165874709049256,0.0
0.11149229991666056,0.0
,0.0
0.7661140871679972,0.0
,0.0
0.5683752932389247,0.0
,0.0
0.1661843796768537,0.0
,0.0
0.17948954311063336,0.0
,0.0
0.31251517566894427,0.0
,0.0
,0.0
,0.0
0.8367336397771793,0.0
0.6981069695665797,0.0
,0.0
0.5385056793571698,0.0
,0.0
0.6007878393171415,0.0
0.6515503192141738,0.0
,0.0
0.4455340931193892,0.0
0.6601133914479935,0.0
,0.0
0.5451782987843681,0.0
0.7837920975865394,0.0
0.7077674767775922,0.0
0.7356324517171973,0.0
0.7165046842385692,0.0
0.2450027633643748,0.0
0.682095628951105,0.0
0.6753412433183469,0.0
0.838974255920621,0.0
,0.0
0.37198188792533543,0.0
,0.0
0.8044006159246695,0.0
0.43440604588751985,0.0
0.5784740974924111,0.0
0.4621510133649773,0.0
0.7927318364900467,0.0
,0.0
0.34618550152671557,0.0
0.5018380587104884,0.0
0.8153491018060565,0.0
0.42566818852286475,0.0
,0.0
0.675842872525638,0.0
0.6861067426590951,0.0
0.37467087610659916,0.0
0.6083643903404249,0.0
0.7379987164535766,0.0
0.12747500000032083,0.0
0.724773122819492,0.0
0.6512836772873944,0.0
0.7513159783335386,0.0
0.3631227832642492,0.0
0.7646637484543577,0.0
,0.0
,0.0
0.42718715365453586,0.0
0.17232876090779228,0.0
0.659034604386111,0.0
0.1558114945499789,0.0
0.12155495487907972,0.0
0.1556493338940259,0.0
0.31541986029149616,0.0
0.44227628606039215,0.0
0.6034724187910566,0.0
0.24263465336883142,0.0
0.6673109502626267,0.0
,0.0
0.5830303444712981,0.0
0.19053025569273443,0.0
0.2793527697602214,0.0
,0.0
0.3833063033049694,0.0
0.5474535330844059,0.0
0.766948203493981,0.0
0.40886005436163314,0.0
,0.0
0.277508152430762,0.0
0.7702258513738256,0.0
0.2045058804961442,0.0
0.48207860732104985,0.0
0.5872042309612909,0.0
,0.0
,0.0
0.47688660330547605,0.0
,0.0
0.2272902996847467,0.0
,0.0
0.1843321252512719,0.0
0.561326700454901,0.0
0.3388685717982864,0.0
0.32702350917609724,0.0
0.6427938558547871,0.0
0.1620432606815299,0.0
,0.0
0.7076081553746251,0.0
0.4372206021060743,0.0
0.22812886486389536,0.0
,0.0
0.4997631118549084,0.0
,0.0
0.42780025010020944,0.0
0.3362465262730436,0.0
0.48739286371918367,0.0
0.42541803095657327,0.0
,0.0
0.0856639987251408,0.0
0.5912385679799432,0.0
,0.0
0.4122648608920219,0.0
0.23594921257191206,0.0
,0.0
0.7712163352927152,0.0
0.673685234867928,0.0
0.46507113164346126,0.0
0.5375073081546594,0.0
0.7809173997020759,0.0
0.7716668370418417,0.0
,0.0
0.29227362319335365,0.0
,0.0
0.24662522739524903,0.0
0.7286711706863633,0.0
0.36386884613302334,0.0
0.14708360795080783,0.0
,0.0
0.39397598276857637,0.0
0.5021621820981107,0.0
,0.0
0.6661092331104561,0.0
0.7469007358534834,0.0
,0.0
0.4943631641738623,0.0
,0.0
0.5195722371632491,0.0
0.40452175301390264,0.0
,0.0
,0.0
,0.0
0.7623185449456752,0.0
0.6604420780906604,0.0
0.34108140426881806,0.0
0.07998928411431305,0.0
0.6011923684475565,0.0
0.5179997223366732,0.0
0.7281527736771175,0.0
0.7131118250993351,0.0
0.4312819732059099,0.0
,0.0
,0.0
,0.0
0.31907677671627843,0.0
,0.0
0.6228437745435955,0.0
0.15693791025993736,0.0
0.8877408269002203,0.0
0.5865842627384364,0.0
0.7151427711584849,0.0
,0.0
0.6245366534805263,0.0
0.44429944081351286,0.0
0.6913355632933664,0.0
0.7508239651428247,0.0
0.37398430351107237,0.0
,0.0
0.20276757606555287,0.0
0.5191781888311843,0.0
0.7481860576451843,0.0
,0.0
0.5058539434305095,0.0
0.49306777260241286,0.0
0.7189923429370432,0.0
0.4098398333569059,0.0
0.1787596268072211,0.0
,0.0
0.1985279116944722,0.0
,0.0
0.4266763970103241,0.0
,0.0
0.6150593404861284,0.0
,0.0
0.208343582219409,0.0
,0.0
0.25910986789822166,0.0
0.39397383419583426,0.0
0.608360730335079,0.0
,0.0
0.8071692121663483,0.0
,0.0
,0.0
0.6345325073287484,0.0
,0.0
0.7650305634836837,0.0
0.34480700023905214,0.0
0.4201289612480664,0.0
0.2974769787477165,0.0
0.5851300916140986,0.0
0.4209330402937036,0.0
0.4298372438160369,0.0
0.7471480450807868,0.0
0.421457321064006,0.0
,0.0
,0.0
,0.0
0.05212932757849203,0.0
0.5012956014564016,0.0
0.6411566046032896,0.0
0.3236034480920825,0.0
,0.0
0.592075752510776,0.0
0.5413055119370218,0.0
0.6623854917258217,0.0
0.7770228286150808,0.0
0.2434110799649461,0.0
,0.0
,0.0
0.06832371904853662,0.0
0.5769490076117969,0.0
0.435608315876599,0.0
0.6409329748012643,0.0
0.5121635452529141,0.0
,0.0
0.5411711977395162,0.0
0.8118543946819526,0.0
0.539390859727492,0.0
,0.0
0.6313017795471156,0.0
0.9243652193884252,0.0
0.2679733227331607,0.0
0.3239004492725668,0.0
,0.0
0.6337896146582,0.0
,0.0
,0.0
,0.0
0.6774853370667966,0.0
,0.0
0.2735480021973733,0.0
0.7874649291417477,0.0
0.36274047430771905,0.0
0.8637525960636709,0.0
0.3576032879142411,0.0
0.721428147361399,0.0
0.656038945825076,0.0
0.13484668165401487,0.0
0.5548826644382164,0.0
0.6162757982206595,0.0
0.16474862009989646,0.0
,0.0
0.10534407576713069,0.0
0.6291801991378186,0.0
0.6247186924928056,0.0
0.37172860460081764,0.0
0.7213152646220838,0.0
0.2706272893447102,0.0
0.16094477413470534,0.0
0.3295816333301686,0.0
0.889792578156479,0.0
0.33843959370371857,0.0
0.4875323662150711,0.0
0.6125047703747855,0.0
0.6116681956405734,0.0
0.05589698215146502,0.0
0.7138489635662914,0.0
,0.0
,0.0
0.677039430145233,0.0
0.3761407752102336,0.0
,0.0
0.5224191761975561,0.0
,0.0
0.7770327902118154,0.0
0.23501610425702554,0.0
,0.0
,0.0
0.8469420329067828,0.0
0.49454691490366787,0.0
0.3580968007237779,0.0
,0.0
0.47992654349365377,0.0
0.5225006424524817,0.0
0.21799611666120658,0.0
0.35379828868646807,0.0
0.8961278161982751,0.0
,0.0
,0.0
0.5889992762849539,0.0
0.5728319408947905,0.0
,0.0
0.7314726539751524,0.0
0.5598983344992694,0.0
0.40620887951945556,0.0
0.4338105146930875,0.0
0.49405486135669513,0.0
,0.0
,0.0
0.8068450245159521,0.0
,0.0
,0.0
,0.0
0.5927174620646539,0.0
0.07887004537159484,0.0
0.18350301548951398,0.0
0.1550542047235239,0.0
0.28687082999229346,0.0
0.12582974044618797,0.0
0.6838976398269937,0.0
0.463286171423864,0.0
0.5379817409600542,0.0
,0.0
0.42112302853365574,0.0
,0.0
0.3553427150951343,0.0
0.78195246623216,0.0
,0.0
0.391143730672079,0.0
0.36109114947411797,0.0
0.6807784657576426,0.0
,0.0
0.35533651105682446,0.0
0.5935029457643847,0.0
0.7580598235249686,0.0
,0.0
,0.0
0.2937070505478658,0.0
0.5094651070397509,0.0
,0.0
0.8167440306128662,0.0
0.4091483464819933,0.0
0.5571987615758509,0.0
0.5155417782387028,0.0
0.39799345893044297,0.0
0.25875416210045976,0.0
,0.0
0.49936510831332226,0.0
0.8908323184557279,0.0
0.29076293697057826,0.0
0.6644052208140999,0.0
,0.0
0.5589507459861035,0.0
0.7553633675541493,0.0
0.3978984802007429,0.0
0.3858987320176255,0.0
,0.0
,0.0
0.638661015484692,0.0
,0.0
0.41559662892179416,0.0
,0.0
0.6598459466040923,0.0
0.2185435504697145,0.0
0.3382495188316478,0.0
0.43691993262933676,0.0
,0.0
,0.0
,0.0
,0.0
0.7205014094624738,0.0
0.5537607032016081,0.0
0.8111206959626536,0.0
0.17843304179096317,0.0
,0.0
,0.0
0.6041765295488745,0.0
,0.0
0.38960513923852197,0.0
,0.0
0.5198575740828195,0.0
0.40626259179835245,0.0
0.7298686857756875,0.0
,0.0
0.39550039282038507,0.0
0.42618035074553934,0.0
0.2971749723254101,0.0
,0.0
,0.0
0.330669675479052,0.0
0.504531942143053,0.0
0.42962558804087664,0.0
0.7462525906863253,0.0
,0.0
0.6923607796867841,0.0
0.7122969445041041,0.0
0.29442564384097575,0.0
0.14389618030708842,0.0
0.3969749366441689,0.0
0.691212828868756,0.0
0.22828902558772204,0.0
0.4909441162392083,0.0
0.5530220903691836,0.0
,0.0
,0.0
0.6642063209420043,0.0
,0.0
,0.0
0.49468582032653285,0.0
,0.0
,0.0
,0.0
0.6491469820357587,0.0
0.3045124222110863,0.0
0.42246006235188055,0.0
0.19240197543225432,0.0
,0.0
,0.0
0.6666043559360992,0.0
0.6766265508579716,0.0
0.46956309516220596,0.0
0.2895775386888989,0.0
0.4784633807353091,0.0
0.48661207671647205,0.0
0.4193640962096126,0.0
,0.0
0.2049392261564286,0.0
0.25757922465126587,0.0
,0.0
,0.0
,0.0
,0.0
0.5343520065876985,0.0
0.6358582818821275,0.0
0.0667571582341923,0.0
,0.0
0.6106980006711683,0.0
,0.0
0.40850516728139996,0.0
0.9008465087048327,0.0
0.7391700924511964,0.0
0.7524674362381789,0.0
0.7645056346773449,0.0
,0.0
0.445120808831157,0.0
0.7299774084483706,0.0
,0.0
0.5663645775007684,0.0
0.23512160585846484,0.0
,0.0
0.38961585570827656,0.0
0.4809630907920511,0.0
0.1390820436102141,0.0
0.2960595908598027,0.0
,0.0
0.7184569001095102,0.0
,0.0
0.7350735077280761,0.0
0.7542862291669672,0.0
0.17816635857861388,0.0
,0.0
0.7306833182231127,0.0
0.35193353167080044,0.0
0.45038186081861775,0.0
0.7518520731550279,0.0
0.45480558483646777,0.0
,0.0
0.43423527745642637,0.0
0.5906151559311285,0.0
0.37079831255197526,0.0
0.2466925244372831,0.0
,0.0
,0.0
0.6944094756723019,0.0
0.6762053222869504,0.0
,0.0
,0.0
0.5419909094065675,0.0
0.5500449055124607,0.0
,0.0
0.6424857457244458,0.0
0.35485424261805193,0.0
,0.0
0.22317199213517502,0.0
0.8300793208758234,0.0
0.6465294773887759,0.0
,0.0
0.6959463107678585,0.0
0.7718379017254379,0.0
0.36295916220100555,0.0
0.12567634013507162,0.0
0.17416451814991457,0.0
,0.0
,0.0
0.7089795802552621,0.0
0.3700512620989867,0.0
0.35565575385597525,0.0
0.568285881685579,0.0
,0.0
0.49271561936853286,0.0
0.347318138990663,0.0
,0.0
0.12615829378872473,0.0
,0.0
0.6099828772553392,0.0
0.34665549470254686,0.0
0.7269644621233651,0.0
0.14131279496389615,0.0
0.5671564028401772,0.0
,0.0
,0.0
0.580060384354867,0.0
,0.0
,0.0
0.11365156301468504,0.0
,0.0
0.2629974908544462,0.0
0.5357093481491997,0.0
,0.0
0.18286356797918182,0.0
0.7140024423577457,0.0
,0.0
0.8037436147129489,0.0
0.8228753981402874,0.0
0.7007436115800847,0.0
0.7662106062131504,0.0
0.8181786171445418,0.0
,0.0
,0.0
0.7059590044902636,0.0
0.7005026806219312,0.0
0.25847219829682244,0.0
0.39626806845450735,0.0
0.581768150197207,0.0
0.747069080380991,0.0
0.2599092529929316,0.0
0.7331012109509094,0.0
0.6499732125736256,0.0
0.2634592642241534,0.0
0.18705986424434534,0.0
0.2253688032695211,0.0
0.6166905606555771,0.0
0.7810791134378732,0.0
0.22460011353305667,0.0
0.32614889561690563,0.0
0.3771878934600793,0.0
0.4276565463646143,0.0
0.4309095633082933,0.0
,0.0
0.8998678045530948,0.0
0.532656651424514,0.0
,0.0
0.2990657208704423,0.0
0.30291155004927867,0.0
0.6538615798137742,0.0
0.43285793128454525,0.0
0.7911737491177973,0.0
0.19369872026321874,0.0
0.24453296364047283,0.0
0.4900239170957258,0.0
0.41045466657674395,0.0
0.30987465982038737,0.0
,0.0
0.19319171586976974,0.0
0.5130940594328616,0.0
0.4275861393457545,0.0
0.7637188023677635,0.0
0.42142623298589205,0.0
0.6086645598584806,0.0
,0.0
0.43127049470485146,0.0
0.39763509037424394,0.0
0.7750858637072353,0.0
,0.0
0.6399748507452468,0.0
0.5722098030513119,0.0
0.14746813709066361,0.0
0.867850935150186,0.0
0.8265883238382374,0.0
0.04051901713101978,0.0
,0.0
0.6419347571352951,0.0
0.35275425596355603,0.0
,0.0
0.5411386741111488,0.0
0.6413845083286618,0.0
0.6370921929655992,0.0
0.5483343655197849,0.0
0.3441495575431566,0.0
,0.0
,0.0
0.4534540666878598,0.0
,0.0
,0.0
0.6568836642090783,0.0
,0.0
,0.0
0.6956194990568332,0.0
0.5606297454530799,0.0
,0.0
,0.0
0.38506040952443116,0.0
,0.0
,0.0
,0.0
0.6073592115689185,0.0
0.6628949718738134,0.0
0.4418018687657161,0.0
0.4066174090633335,0.0
0.5646335881818219,0.0
0.6284770587872971,0.0
0.23996006952456544,0.0
0.0031146560334032263,0.0
0.5026855545700765,0.0
0.5193322425694045,0.0
0.641715079486565,0.0
0.32866111607885634,0.0
0.533129825995465,0.0
0.20307697343041883,0.0
,0.0
,0.0
0.903499188682673,0.0
0.442887467732918,0.0
,0.0
,0.0
0.627729204322874,0.0
,0.0
0.8021710813339747,0.0
0.3013837162050298,0.0
0.18756070969319585,0.0
0.3702642311146405,0.0
,0.0
0.13673138299709578,0.0
0.8166354442708322,0.0
0.126973774114931,0.0
,0.0
0.2671302187604833,0.0
0.4269295357974302,0.0
0.19378789706725114,0.0
0.22026458263542206,0.0
0.48920129252206457,0.0
0.21961946562639803,0.0
0.36806146353824554,0.0
0.7053189694589527,0.0
0.6516868618438698,0.0
0.5027264000686105,0.0
0.5604310505856285,0.0
0.4560739600745454,0.0
,0.0
,0.0
0.8639061759990618,0.0
0.7683951479048564,0.0
0.17104979437663254,0.0
0.7632588170687156,0.0
,0.0
,0.0
,0.0
0.6635548992492729,0.0
0.6643376966717682,0.0
0.7946675730338266,0.0
,0.0
0.2537724833057972,0.0
0.24457900788771353,0.0
,0.0
,0.0
0.8782060872895595,0.0
0.7978963932538637,0.0
0.7849999371326204,0.0
,0.0
0.7145715612579907,0.0
0.5549816167891787,0.0
0.6378254255687625,0.0
0.5146970083281235,0.0
0.8186756296856763,0.0
0.46550936641535007,0.0
,0.0
0.15092981589416954,0.0
0.41636844797787853,0.0
0.1286088629105715,0.0
0.6970068682987167,0.0
0.6050207883215528,0.0
0.5890515685051227,0.0
0.4120954447494561,0.0
0.2537411053067566,0.0
,0.0
,0.0
0.44498625602222486,0.0
0.7178777169544307,0.0
,0.0
,0.0
0.34655791160948685,0.0
0.5787069513957782,0.0
,0.0
0.49727754328770274,0.0
,0.0
,0.0
0.6464700628106589,0.0
,0.0
0.7345747470493666,0.0
,0.0
0.4196185397799822,0.0
,0.0
0.1726782211497085,0.0
,0.0
0.7977602119346257,0.0
0.3104466258236833,0.0
0.3161158815466694,0.0
0.3962380368695061,0.0
,0.0
0.2893983298285989,0.0
0.24705005020672252,0.0
,0.0
0.07048026386544542,0.0
0.8352029785564771,0.0
0.22862034460207514,0.0
0.22756407472174428,0.0
,0.0
,0.0
0.3161920627286438,0.0
0.6254886369694306,0.0
0.43877103239821674,0.0
0.5395848833904608,0.0
0.8756177431912878,0.0
0.8459712244573208,0.0
0.22698683850851353,0.0
0.3246304420804457,0.0
0.5916684755619528,0.0
0.8268206185322553,0.0
,0.0
0.4028059572636768,0.0
,0.0
0.4684881647112141,0.0
,0.0
0.4085734367211128,0.0
0.8247717781369139,0.0
0.18167745174686448,0.0
0.45614404064777536,0.0
0.6217202634702698,0.0
0.7881396334646311,0.0
,0.0
,0.0
0.696609264380019,0.0
,0.0
0.20915914390225668,0.0
0.5751659517737674,0.0
0.6622252132467672,0.0
0.516250169684795,0.0
0.654020244682969,0.0
,0.0
0.14864345494993705,0.0
,0.0
,0.0
0.10566776379159619,0.0
0.5694363594795608,0.0
0.27908908469221405,0.0
0.7298949142423793,0.0
,0.0
,0.0
0.14340653413480492,0.0
0.6193153962057663,0.0
0.03749209623626037,0.0
0.7552985673047132,0.0
0.3361485092697529,0.0
0.508386408616633,0.0
,0.0
,0.0
0.32022893623254023,0.0
0.7023622293942011,0.0
0.2532968237791915,0.0
0.16520996959240067,0.0
0.7262658005830925,0.0
0.2349790692838628,0.0
0.4580074200137861,0.0
0.10959988748098216,0.0
0.3992675398892591,0.0
0.8044586018168046,0.0
0.23471450687927828,0.0
0.4463463103961856,0.0
0.7698006367440121,0.0
0.6120793605326159,0.0
0.2633758846372727,0.0
,0.0
,0.0
,0.0
0.530013141177612,0.0
0.7798368406606495,0.0
,0.0
,0.0
0.42133606036325727,0.0
0.5251635868251917,0.0
0.7060194127108833,0.0
0.34883201731236624,0.0
0.21513827503227845,0.0
,0.0
0.18668199217156276,0.0
0.04781085450177494,0.0
0.6815373928196381,0.0
0.7179757893611263,0.0
0.4616084214074086,0.0
0.769231135199508,0.0
0.9029721453993171,0.0
0.06771843069566333,0.0
0.7148254169824575,0.0
0.20627936872467545,0.0
,0.0
0.5383584232616105,0.0
0.07733853254543743,0.0
,0.0
0.8330395117530676,0.0
,0.0
0.33068962473221575,0.0
0.236446293162384,0.0
,0.0
,0.0
0.5516610146941582,0.0
0.5178010174900423,0.0
0.6560192332751731,0.0
0.7472794903027424,0.0
,0.0
0.4030780856578206,0.0
0.50019534834988,0.0
0.39613540236861583,0.0
0.2616093678559914,0.0
0.6265563612880556,0.0
0.7432716820583353,0.0
,0.0
,0.0
0.25611789730308404,0.0
,0.0
0.7724885302251894,0.0
0.29892298937265477,0.0
,0.0
0.20760586960009508,0.0
0.5360130430770166,0.0
0.5878032556418529,0.0
0.5925362769470764,0.0
0.5439606315319231,0.0
,0.0
0.2357840386595569,0.0
,0.0
,0.0
0.4325379444499265,0.0
0.6819556093388538,0.0
,0.0
,0.0
0.5062689222871377,0.0
,0.0
0.5121714060300054,0.0
0.4698108732049237,0.0
,0.0
0.53679819295998,0.0
0.6979522889427822,0.0
0.44009960595923053,0.0
0.7371165947635939,0.0
0.2948302804309794,0.0
0.3056560275463052,0.0
0.7821855437090731,0.0
0.33899610409422376,0.0
0.5465186537108443,0.0
0.6684710317957822,0.0
0.5784253496404053,0.0
0.7271628091635723,0.0
0.37847448405675327,0.0
,0.0
0.009965227218274244,0.0
,0.0
0.6711621624635723,0.0
,0.0
0.5497630976956428,0.0
0.026904257821153653,0.0
,0.0
,0.0
0.5337083908621885,0.0
,0.0
0.42466150004568437,0.0
0.4438932054088335,0.0
0.45171578887547115,0.0
,0.0
0.657555093612191,0.0
0.33219782691397204,0.0
,0.0
,0.0
0.24772796227936045,0.0
0.7671076586136849,0.0
,0.0
,0.0
0.6457850550232338,0.0
,0.0
0.2413593436024958,0.0
0.5530652891135173,0.0
,0.0
,0.0
0.6313944956458178,0.0
,0.0
0.6512131953553187,0.0
0.3122726754308159,0.0
0.3142491417168428,0.0
0.44804535511399113,0.0
,0.0
,0.0
0.6872207915528182,0.0
0.15639588738654076,0.0
0.24871548097981128,0.0
0.47211437421269214,0.0
0.4087433838274157,0.0
0.3539772481559071,0.0
,0.0
0.7148026530636967,0.0
0.31194143014538095,0.0
0.34929171182749874,0.0
0.1960836218813827,0.0
0.5011109835737619,0.0
,0.0
,0.0
0.14528466431495352,0.0
,0.0
0.4306589440359484,0.0
0.2821374065046374,0.0
,0.0
,0.0
0.7547158234552325,0.0
0.5747283614931864,0.0
0.6780071076955172,0.0
0.8713049975396345,0.0
0.5552413690179985,0.0
,0.0
0.5465524927206417,0.0
0.723188596205343,0.0
0.7813026961178767,0.0
,0.0
,0.0
,0.0
0.5359950364277709,0.0
,0.0
0.5099669258887888,0.0
,0.0
0.6062691767519273,0.0
0.4788408348989061,0.0
0.6586916030779739,0.0
,0.0
0.4497023382408132,0.0
0.2539406226407669,0.0
0.9457179600757386,0.0
,0.0
,0.0
,0.0
0.3981701250893891,0.0
0.2866553438127522,0.0
0.2548842792544219,0.0
0.7491880675352827,0.0
0.33035267298834053,0.0
,0.0
0.7080518704756117,0.0
,0.0
0.4722253486026164,0.0
0.6407771132984563,0.0
,0.0
0.2023833071937436,0.0
0.5561221225471837,0.0
0.766600797783724,0.0
,0.0
,0.0
0.5525332254019028,0.0
0.4947618775512464,0.0
0.766339456122731,0.0
,0.0
0.5866139470641842,0.0
,0.0
0.5635283392932076,0.0
0.6044215775499874,0.0
0.5485493439685603,0.0
0.6854886071232223,0.0
,0.0
0.35985018827007226,0.0
,0.0
,0.0
0.2659618771471388,0.0
0.5974402341220428,0.0
0.25125254617498705,0.0
0.4070872087011284,0.0
0.34956776497466124,0.0
0.5659261202457402,0.0
,0.0
,0.0
0.19289093935971333,0.0
0.36341125266965807,0.0
0.5473612800811761,0.0
0.7048781575418098,0.0
0.8945747718869178,0.0
0.2258944904723945,0.0
0.4598789546642272,0.0
0.19800778199148966,0.0
,0.0
0.7223735823189887,0.0
0.7100546259836473,0.0
,0.0
0.1880589679924484,0.0
0.5468328977533214,0.0
0.3397533772715995,0.0
0.5324364518563441,0.0
0.8029446658884207,0.0
0.6037914187287529,0.0
0.7747288739156679,0.0
,0.0
0.11578071631358994,0.0
0.44195709104854247,0.0
0.4289233885401496,0.0
0.752770389997826,0.0
0.14006757743874249,0.0
0.9180024658051666,0.0
0.7993000885020863,0.0
0.9317214106159171,0.0
0.6638450002703018,0.0
,0.0
0.33720958589461997,0.0
0.8108504396748649,0.0
0.8529207808858216,0.0
,0.0
0.4518922633236473,0.0
0.36259443602168373,0.0
0.2762147964851648,0.0
0.8386044657684963,0.0
0.6629639531566366,0.0
0.23787205834711053,0.0
0.4131674211390317,0.0
0.19204928646864672,0.0
0.201531728199673,0.0
0.21322133862561668,0.0
,0.0
0.7456160979125719,0.0
0.37705454074661365,0.0
0.21150929445202282,0.0
0.06628192416396088,0.0
,0.0
0.8541114672800577,0.0
0.4274901702197903,0.0
,0.0
0.5166998265106209,0.0
,0.0
,0.0
0.19224250787492905,0.0
,0.0
0.630898836491881,0.0
0.6145406636435486,0.0
0.5630711936492528,0.0
0.3132571886908189,0.0
0.0763481485197229,0.0
0.6745014804602543,0.0
0.8313865649730635,0.0
0.5889415758382979,0.0
0.7921934081541618,0.0
,0.0
0.7493841111350793,0.0
0.37024246093255675,0.0
0.7419742707512306,0.0
,0.0
,0.0
0.7862710274592069,0.0
0.1837069149286878,0.0
0.6889187024173408,0.0
0.5465099053025105,0.0
,0.0
0.40279417802032386,0.0
0.18821180201204293,0.0
0.12355082084478088,0.0
0.556696515638403,0.0
0.29167121270940055,0.0
0.5228502303741936,0.0
,0.0
,0.0
,0.0
0.6273308614681878,0.0
,0.0
,0.0
0.4182985724617508,0.0
,0.0
0.5359950786155857,0.0
,0.0
0.5958011307229873,0.0
0.7186816779537829,0.0
0.5173958858893132,0.0
0.49788340235262324,0.0
,0.0
,0.0
,0.0
0.4185567809556514,0.0
0.5242835062340763,0.0
0.26379209637952505,0.0
,0.0
0.18334548803495124,0.0
,0.0
0.15234394576316507,0.0
0.5251557696667802,0.0
0.5723007067794563,0.0
0.6079587420299873,0.0
,0.0
0.4855993539985114,0.0
0.12315626850447493,0.0
,0.0
,0.0
0.038190834026106,0.0
0.7256107553611038,0.0
0.5469342555851013,0.0
0.39903029894737185,0.0
,0.0
0.7203994734980449,0.0
,0.0
0.3578574566740407,0.0
0.14093924770566707,0.0
0.5325471750025399,0.0
,0.0
0.45764766274402546,0.0
0.46750343370884045,0.0
0.3685173633547603,0.0
0.8835583671499699,0.0
,0.0
0.32966071231149424,0.0
,0.0
,0.0
0.11691697484189925,0.0
,0.0
0.5753378335986636,0.0
0.27544426320811866,0.0
,0.0
,0.0
,0.0
0.2368104618760411,0.0
,0.0
0.3078366550492403,0.0
,0.0
0.12621307336880003,0.0
0.3026266319367037,0.0
0.6534194550185691,0.0
0.07070708119402586,0.0
0.3526082680306036,0.0
0.7766784552431927,0.0
0.31059644923598734,0.0
0.17224041268448392,0.0
0.6230293745013036,0.0
0.14134328823278253,0.0
0.8602707535798371,0.0
0.23310842333676732,0.0
0.879899618339091,0.0
0.5229884447920464,0.0
0.23622758342516856,0.0
,0.0
0.805607877127872,0.0
0.15245152752424165,0.0
,0.0
,0.0
0.5853882904437386,0.0
0.6201964324026261,0.0
,0.0
0.35850889071616937,0.0
0.4383927288816908,0.0
0.4922798018793483,0.0
0.687329987962552,0.0
0.6130314633597789,0.0
0.6734404149538028,0.0
0.5817826515565957,0.0
0.40359595669156506,0.0
,0.0
0.7672416668350451,0.0
,0.0
0.826336922205579,0.0
0.8658401308571723,0.0
0.31988216662383406,0.0
0.30145139771674834,0.0
,0.0
0.38357180180421563,0.0
0.677253955630977,0.0
0.5562460980487438,0.0
0.30661044266695847,0.0
0.6012272643430115,0.0
,0.0
0.23289925411325113,0.0
0.31854151552636767,0.0
0.2160472509478807,0.0
0.13399304579777754,0.0
0.835215828214359,0.0
0.3097854772616299,0.0
0.27090559057272967,0.0
0.22515446549272147,0.0
0.653126191155293,0.0
0.422590448576227,0.0
,0.0
0.9092894705562337,0.0
,0.0
,0.0
0.4271051967159926,0.0
,0.0
0.4456790726310033,0.0
0.14624502723974409,0.0
0.3531564101020058,0.0
0.6453358170012892,0.0
0.6765135130825131,0.0
,0.0
0.23194734696422292,0.0
,0.0
,0.0
0.5634297919010384,0.0
,0.0
,0.0
0.5447519986425489,0.0
,0.0
0.6437416718105641,0.0
,0.0
,0.0
0.5367081628257674,0.0
0.4699570616016552,0.0
0.5592843904119428,0.0
0.45003583086580046,0.0
0.41138790788089213,0.0
0.2361923057757904,0.0
0.37743035092602706,0.0
0.25425100531853256,0.0
0.7672521911648273,0.0
0.29716998535745603,0.0
0.2225358260719359,0.0
0.061257503495963504,0.0
0.4154162916991581,0.0
0.19849186503519084,0.0
0.6274150843759612,0.0
0.831564573704737,0.0
0.49791478929768485,0.0
,0.0
,0.0
0.17421311341793896,0.0
0.4767023233539489,0.0
0.4800497124932016,0.0
0.26352720430252313,0.0
,0.0
0.21224312809264073,0.0
0.6549662114578702,0.0
,0.0
,0.0
0.6179316554194313,0.0
,0.0
0.5092858738304933,0.0
0.6450322353294357,0.0
0.21805211507439806,0.0
,0.0
0.49411673003209305,0.0
,0.0
,0.0
,0.0
0.6529941371155418,0.0
,0.0
0.6533920057832704,0.0
0.8302002459602489,0.0
0.2585888716411278,0.0
0.36672785627734666,0.0
0.3446657773459347,0.0
0.2795995365178463,0.0
0.5551713317410346,0.0
0.3315175817711316,0.0
0.4189210085469903,0.0
0.07615289248377113,0.0
,0.0
0.4822565337121874,0.0
0.846209058337479,0.0
0.8924423281517477,0.0
0.7718456026448836,0.0
,0.0
0.28966855407097053,0.0
,0.0
0.7341546041567817,0.0
,0.0
0.3462614986423648,0.0
,0.0
,0.0
,0.0
0.5855218788099857,0.0
0.6241370296937423,0.0
,0.0
0.3693893489439932,0.0
0.6736032250263312,0.0
0.42144981602741866,0.0
0.7760435789927196,0.0
0.20269069790662889,0.0
,0.0
0.5454174348725129,0.0
0.622825053237989,0.0
0.7879710509335673,0.0
,0.0
,0.0
0.17320913641244884,0.0
,0.0
0.7584934123971866,0.0
0.38412330423899016,0.0
0.2983433869939666,0.0
,0.0
0.707633566356878,0.0
0.2713732829049317,0.0
,0.0
0.705058606241026,0.0
0.7941254497623631,0.0
,0.0
,0.0
0.449594812517037,0.0
0.58513520443819,0.0
0.40108685881933065,0.0
,0.0
0.7399884509345886,0.0
0.8730833641080804,0.0
0.6577576151407261,0.0
0.3177342496483142,0.0
,0.0
,0.0
0.7535356187632956,0.0
0.7840547301249906,0.0
0.35912291308417454,0.0
,0.0
0.18047907698548593,0.0
0.703920282440551,0.0
,0.0
,0.0
0.6652106812353561,0.0
0.5093402046762813,0.0
0.6812841867304286,0.0
0.25537998665854494,0.0
0.26872836101061076,0.0
0.8276643293077376,0.0
0.29837487231193616,0.0
0.45455534398916403,0.0
0.15315635752322374,0.0
0.2518320447889585,0.0
,0.0
0.35681117253864736,0.0
0.5263255956017092,0.0
0.25773219952868415,0.0
,0.0
0.5819666757645855,0.0
0.6913685804771352,0.0
0.5760067705372593,0.0
0.2644200958228457,0.0
0.6382663858492945,0.0
0.6288365235941926,0.0
0.0217054123858308,0.0
0.14763433009869004,0.0
,0.0
,0.0
,0.0
0.3801195015326761,0.0
,0.0
,0.0
,0.0
0.5043642669918564,0.0
,0.0
0.5581744364962136,0.0
0.15339453250249882,0.0
,0.0
0.6109847341519701,0.0
,0.0
0.2214809530633584,0.0
0.7441857722629628,0.0
0.5332309834192863,0.0
0.5852524995180156,0.0
0.48595094604527894,0.0
0.7036631880634796,0.0
,0.0
0.582189409979294,0.0
0.6947238539019363,0.0
0.6079559749774576,0.0
0.13895078030513952,0.0
,0.0
0.6892302342888967,0.0
,0.0
0.24353136273885037,0.0
0.4378604478424893,0.0
0.5480459989842885,0.0
0.2699796372222375,0.0
0.1423060925084301,0.0
,0.0
,0.0
,0.0
0.7011385794290614,0.0
0.2908618046271732,0.0
0.41358068293353906,0.0
0.8166936068356541,0.0
,0.0
0.42373322305253186,0.0
0.9439148272156451,0.0
0.8657732876041745,0.0
0.29606373235380457,0.0
0.22895982469158058,0.0
0.5406113791198476,0.0
,0.0
,0.0
0.4556844081706761,0.0
0.2922749351648862,0.0
0.15546258281356848,0.0
,0.0
0.6588836644147185,0.0
,0.0
0.3103657788956648,0.0
0.8191231470188168,0.0
0.63826565965673,0.0
0.4640464497456822,0.0
,0.0
0.46201886151682475,0.0
0.5346545321414725,0.0
0.5495517111049042,0.0
,0.0
0.3865545665894959,0.0
0.723004029136348,0.0
0.48995994488962175,0.0
0.2427807014371798,0.0
0.40000312357450846,0.0
0.1625684632985369,0.0
,0.0
0.2346954964603539,0.0
,0.0
0.3922772030197504,0.0
,0.0
,0.0
0.5682275062397749,0.0
0.08647415515542967,0.0
0.4080908355129607,0.0
0.4942049592450926,0.0
0.6889518957415528,0.0
0.2440661304223381,0.0
,0.0
0.4784848493479561,0.0
,0.0
0.11995746926506498,0.0
,0.0
0.6354915621155753,0.0
,0.0
0.6282826965364501,0.0
0.2658149333671935,0.0
0.2884522180629355,0.0
,0.0
0.441285297198013,0.0
0.16525944679670676,0.0
,0.0
0.5056269573313249,0.0
0.4521912599876555,0.0
0.4226279695203931,0.0
,0.0
0.5296234288807873,0.0
0.7397293135688053,0.0
0.2381187222285129,0.0
0.2509869896452368,0.0
0.6099014520545255,0.0
,0.0
0.8665505909785441,0.0
0.46141707058296183,0.0
,0.0
0.1837569994181136,0.0
,0.0
0.4861656974424048,0.0
0.509560480778822,0.0
0.30235694960069204,0.0
,0.0
0.5518216785129207,0.0
,0.0
0.7041689814017396,0.0
,0.0
,0.0
0.9464757307498188,0.0
0.4345191284498069,0.0
0.7153452921837653,0.0
0.4815245718728934,0.0
0.25146058859295467,0.0
0.3351091307197899,0.0
0.886559598734993,0.0
,0.0
,0.0
0.7425292631062381,0.0
0.44449219776085247,0.0
0.35639686873718396,0.0
,0.0
,0.0
0.8715785709272321,0.0
0.06004743252690357,0.0
0.21823320713965666,0.0
0.35696737530663086,0.0
0.3800669747508417,0.0
0.09047023227948527,0.0
0.6095245722333957,0.0
0.6422820745956733,0.0
0.39476747419225305,0.0
,0.0
0.42750361012291166,0.0
0.40437870614834753,0.0
,0.0
0.5905299664754479,0.0
0.6809581404195512,0.0
0.29577777885287526,0.0
0.29192790557702825,0.0
0.19405508921589104,0.0
0.01505443462992999,0.0
0.6427769123009927,0.0
0.6689494945501593,0.0
0.4121240277921122,0.0
0.6571313737908158,0.0
,0.0
0.42813918872189327,0.0
,0.0
0.559776753892239,0.0
0.08228745801056159,0.0
0.8100180385560084,0.0
,0.0
,0.0
0.8384166532491772,0.0
0.2614251030077418,0.0
,0.0
,0.0
0.5650312606018054,0.0
0.2408313314631676,0.0
,0.0
0.4117210826585062,0.0
,0.0
,0.0
0.8070015724337268,0.0
0.5884012057168311,0.0
0.5464973371455729,0.0
,0.0
0.614592489497099,0.0
,0.0
,0.0
0.6905491686178471,0.0
,0.0
0.2427427003351046,0.0
0.3256099211925529,0.0
0.8011302559611518,0.0
0.361332669847213,0.0
0.6038076743492401,0.0
0.3072162537389577,0.0
0.29688803385237594,0.0
,0.0
0.09106656028076979,0.0
0.7866122335175343,0.0
0.23641472295280755,0.0
0.8151627645280146,0.0
,0.0
0.40017561917491584,0.0
,0.0
,0.0
0.17736608981419844,0.0
0.6333104578223825,0.0
0.848768018090681,0.0
0.4517886984717077,0.0
0.3293708500194586,0.0
0.2818324828668783,0.0
,0.0
,0.0
,0.0
0.81133062975067,0.0
0.359022641534241,0.0
0.25824486235622074,0.0
,0.0
0.15361263902114766,0.0
,0.0
0.8364226041043683,0.0
0.42784595139435505,0.0
,0.0
,0.0
0.47512544150272845,0.0
0.7493463717632195,0.0
0.3553805855207098,0.0
0.6982759133676605,0.0
0.8113873827027663,0.0
,0.0
0.7282399032238165,0.0
0.589251206994149,0.0
,0.0
0.603917140291047,0.0
0.28281567651122413,0.0
,0.0
0.8164366668962553,0.0
0.41190540908058676,0.0
,0.0
,0.0
0.7486958116270592,0.0
,0.0
0.48939500426725757,0.0
,0.0
0.5844303391902859,0.0
0.6935710189184379,0.0
,0.0
0.28187470420749033,0.0
0.6863410903230474,0.0
0.665644030939626,0.0
0.5443886853211976,0.0
,0.0
,0.0
,0.0
,0.0
0.7904495472006476,0.0
0.6236415340229412,0.0
0.5622571037721351,0.0
0.4890494697211206,0.0
0.8277544298166609,0.0
0.44061814978818925,0.0
0.7331437649493764,0.0
,0.0
0.6109393544739793,0.0
0.08519550286251355,0.0
0.5556386733305354,0.0
0.3339516511094553,0.0
0.6525425070770322,0.0
0.8642867396977884,0.0
0.42174334437494315,0.0
0.7988656316192391,0.0
0.37491024467102413,0.0
0.39885819420727286,0.0
0.6648979574099738,0.0
0.6289839586169914,0.0
0.263396079006299,0.0
0.6329740361849533,0.0
0.7423046917803373,0.0
0.44283469398651404,0.0
0.5757383424693494,0.0
0.5761051709165461,0.0
0.49739506410342366,0.0
,0.0
,0.0
0.27043731947590666,0.0
,0.0
0.5496632422703824,0.0
0.41791860324183566,0.0
0.2100530017608017,0.0
,0.0
0.47197105160224934,0.0
,0.0
,0.0
0.7420339337533434,0.0
0.15585248699498166,0.0
0.7433718870666021,0.0
,0.0
,0.0
0.6335763186087727,0.0
0.578725402556566,0.0
0.02070207985977252,0.0
0.37546792421953273,0.0
0.5116127185796727,0.0
0.2482938799283709,0.0
,0.0
0.8012784261817374,0.0
,0.0
0.42869934427163925,0.0
,0.0
0.8928880059267505,0.0
0.394279746951297,0.0
,0.0
0.09096275140971513,0.0
0.32129361442837573,0.0
0.4392445166253256,0.0
0.341169293543543,0.0
0.4928760406412801,0.0
0.24733541298256365,0.0
,0.0
0.8571519799028766,0.0
0.404804277311493,0.0
0.4492931860734673,0.0
0.8798825613915072,0.0
0.5359530432743923,0.0
0.4718887925296983,0.0
0.8817820765470603,0.0
0.535237926307588,0.0
0.3674193218804738,0.0
,0.0
0.8267552101471194,0.0
0.5398108569521223,0.0
,0.0
0.7358654832513531,0.0
0.36851823744867124,0.0
,0.0
0.5750110177501199,0.0
0.966788307491172,0.0
0.40325572004150495,0.0
0.7820939546663224,0.0
0.15600052594122435,0.0
0.6851762204948502,0.0
0.8071047734277,0.0
0.5525975634141446,0.0
0.35705075874398506,0.0
0.46695507572153905,0.0
0.8341030708560199,0.0
,0.0
0.6651619659801922,0.0
,0.0
,0.0
,0.0
0.5703840475165625,0.0
,0.0
0.6048485499636878,0.0
0.6016935735058095,0.0
,0.0
0.3611716734065148,0.0
,0.0
0.43102051445176315,0.0
,0.0
0.5395431038167898,0.0
0.7875534678906755,0.0
,0.0
,0.0
,0.0
0.8805471407798778,0.0
,0.0
0.7679934827732777,0.0
0.83425231295386,0.0
,0.0
0.1532058969979245,0.0
,0.0
,0.0
,0.0
0.6430312677564538,0.0
0.11524077686778188,0.0
0.034788608795697534,0.0
0.01663590732831529,0.0
,0.0
0.2959283695289729,0.0
0.3397585574257992,0.0
,0.0
0.47940788167996745,0.0
,0.0
0.19645622032504378,0.0
,0.0
0.6159233952983127,0.0
0.7602957127925436,0.0
0.9391425914576846,0.0
0.08329487879449059,0.0
0.5555696435934444,0.0
0.19987366724421418,0.0
0.6238737085423482,0.0
0.5862876480268603,0.0
0.12914628168201414,0.0
0.8066560249692258,0.0
0.6499101895844184,0.0
0.19289019613067468,0.0
0.23759870731081767,0.0
0.5135119958110012,0.0
0.4056778170506937,0.0
0.09949488382305073,0.0
0.22405377318939215,0.0
0.5110094614002678,0.0
0.7810483217133469,0.0
0.6164812125658232,0.0
0.5026705516491675,0.0
0.4871673863933201,0.0
,0.0
0.6626676229446854,0.0
0.35564527107078736,0.0
0.6091750162475356,0.0
,0.0
0.15448871612200119,0.0
0.21939782276308206,0.0
0.26654300996378005,0.0
0.16945742858133453,0.0
,0.0
0.08248898401806982,0.0
0.2910326498471299,0.0
0.36998729341353614,0.0
0.32105190182367094,0.0
0.27883482818295313,0.0
0.4174959461294632,0.0
0.2955539687422645,0.0
0.4944267458640814,0.0
0.20327509629901402,0.0
0.3766958599491154,0.0
0.7950558314466152,0.0
0.35450405416350883,0.0
0.7897682929321407,0.0
,0.0
,0.0
0.3851372029660416,0.0
0.9295154125270849,0.0
0.4522590234670848,0.0
0.7664309112524662,0.0
0.624474959124968,0.0
0.4657369908786854,0.0
,0.0
0.4775408046892311,0.0
0.5735973758663204,0.0
,0.0
0.41384872288484187,0.0
0.5071318937649676,0.0
,0.0
0.18410949861308898,0.0
0.9530408660861418,0.0
0.38499770702400626,0.0
,0.0
0.5399036362415799,0.0
,0.0
0.4522445337584265,0.0
0.05959845163645096,0.0
0.34885991561706525,0.0
,0.0
0.4789375097917761,0.0
,0.0
,0.0
0.3227927902072637,0.0
0.23888937921707876,0.0
0.344705901762195,0.0
0.7395182634712197,0.0
0.7498615192296588,0.0
,0.0
,0.0
0.7748949037890306,0.0
,0.0
0.4769963963904432,0.0
,0.0
,0.0
0.14810810291182067,0.0
0.6078491428204602,0.0
0.26340126583812834,0.0
0.8219200128579363,0.0
0.42540684485735414,0.0
0.4179275354145195,0.0
0.42441686058769784,0.0
0.508659086483304,0.0
,0.0
0.8140256720322302,0.0
0.39932931993729814,0.0
0.8496100628633435,0.0
0.5999741690806432,0.0
0.3708444982862415,0.0
0.5244350022792591,0.0
,0.0
0.7013302055980342,0.0
0.6870955399660903,0.0
0.37834011261506684,0.0
,0.0
0.45071575739165676,0.0
,0.0
0.7966938060807655,0.0
0.6922407954563137,0.0
0.5963934681129387,0.0
0.23226302587792708,0.0
0.6991191158661131,0.0
,0.0
0.7816388765066495,0.0
0.5020059237172012,0.0
,0.0
,0.0
0.5114890974788276,0.0
,0.0
,0.0
0.23882679747909752,0.0
,0.0
0.6300831018075486,0.0
0.25400716361944703,0.0
,0.0
0.5991520711267033,0.0
,0.0
0.8966714113653189,0.0
0.4372753502852383,0.0
,0.0
0.3449152299598038,0.0
,0.0
0.5123322356979838,0.0
0.6975452153602695,0.0
0.5967339534691237,0.0
0.3412482306352211,0.0
0.25544541722413194,0.0
0.4278624508489063,0.0
,0.0
,0.0
,0.0
0.5445959123098587,0.0
0.2463272786592058,0.0
0.2764241435726235,0.0
0.2643629824225319,0.0
0.2746835244756362,0.0
0.06691230541596312,0.0
,0.0
0.2798157909731108,0.0
,0.0
0.7403435546791771,0.0
,0.0
0.47765166937768083,0.0
,0.0
0.3945628724867952,0.0
,0.0
,0.0
,0.0
0.6743646440990724,0.0
0.4559122804212509,0.0
0.32827403974829733,0.0
0.3492117877796192,0.0
0.6124142685660183,0.0
,0.0
,0.0
0.5857482770790607,0.0
0.617939186272724,0.0
0.531470648598377,0.0
0.6646316685195186,0.0
,0.0
0.3022648341548786,0.0
0.41609262449084594,0.0
,0.0
,0.0
0.2061702557412918,0.0
,0.0
,0.0
0.15365908076990495,0.0
0.8606684579853823,0.0
0.7665079720384991,0.0
0.2533569742475427,0.0
0.5485339863669897,0.0
0.6083377474071169,0.0
0.4989228040181388,0.0
0.7648165330881632,0.0
0.5750595830326115,0.0
0.721241253780156,0.0
,0.0
0.18541424659755298,0.0
0.7732489153879072,0.0
0.5497608487121024,0.0
0.3415585979417714,0.0
,0.0
,0.0
0.6543575945757755,0.0
0.14468393148306016,0.0
0.4105798672556204,0.0
0.2917152678011174,0.0
0.4553120995144707,0.0
0.41263949650380166,0.0
,0.0
0.5496118933667181,0.0
,0.0
,0.0
0.3211841648377205,0.0
0.03647832543584231,0.0
0.058134435829596515,0.0
,0.0
0.3716621464334448,0.0
0.9328998076102565,0.0
,0.0
0.7204995044566725,0.0
0.8628005030909989,0.0
,0.0
0.7783160936829528,0.0
0.12350226858999651,0.0
0.3331725305452503,0.0
0.7485788587874871,0.0
0.2903543471633434,0.0
0.7214678542559282,0.0
0.8370023430821812,0.0
0.5628259487729019,0.0
0.64886025002798,0.0
0.14018894113496347,0.0
0.709802872424688,0.0
,0.0
0.3908453560986361,0.0
0.7152798201275233,0.0
0.8070696191447985,0.0
,0.0
0.18070029790495903,0.0
,0.0
0.6858592792129012,0.0
0.489982804342472,0.0
0.673347486209291,0.0
0.5463290573464946,0.0
0.31893485613694267,0.0
0.419657742138166,0.0
,0.0
,0.0
0.46924108137073006,0.0
0.12843291592460776,0.0
0.9100680515030363,0.0
0.4278250756102339,0.0
,0.0
0.8020029962834664,0.0
0.3756338294616481,0.0
0.3343937273556523,0.0
0.37268202785968174,0.0
0.38850909609577816,0.0
0.7283834654480886,0.0
0.5932026732827131,0.0
0.29415800865866465,0.0
0.3661841719783037,0.0
0.4017770190876163,0.0
0.6031945792738912,0.0
,0.0
0.7454709221308126,0.0
0.22820756412420032,0.0
0.5898754691157369,0.0
,0.0
0.4945952855198516,0.0
0.37943452526089405,0.0
0.2995245017125698,0.0
0.24086925138742013,0.0
,0.0
,0.0
0.9190573579905751,0.0
,0.0
0.25198560742316817,0.0
,0.0
,0.0
0.7551949503674696,0.0
0.31152750651740585,0.0
0.5259723426534002,0.0
0.5359405477501065,0.0
,0.0
0.29354230486738836,0.0
,0.0
0.22961736856400367,0.0
,0.0
0.593740571963202,0.0
,0.0
0.7178537750331089,0.0
0.6272337492760051,0.0
0.6522573641532876,0.0
0.5560095737019055,0.0
0.778097321350044,0.0
0.5680146554811701,0.0
0.6729652744774202,0.0
,0.0
,0.0
0.13510557112783023,0.0
0.5340578956867721,0.0
,0.0
,0.0
0.5807306016454754,0.0
0.41086890175336527,0.0
0.23026554986671363,0.0
0.2521996911323097,0.0
0.8970822880237114,0.0
0.6319538105153999,0.0
0.29910888200509295,0.0
,0.0
0.11783794995676804,0.0
0.33533246820576584,0.0
0.35902871609304843,0.0
0.3972622845736518,0.0
,0.0
,0.0
,0.0
0.20623055547253138,0.0
0.8490079359211854,0.0
,0.0
0.42390771618368905,0.0
,0.0
0.39694428873864995,0.0
,0.0
,0.0
0.3608280957472707,0.0
0.20007750330835838,0.0
0.5740189548357597,0.0
0.24466058569230556,0.0
0.7007274538946148,0.0
0.324888172584734,0.0
0.47823293220763674,0.0
0.4638623455542139,0.0
,0.0
0.8200497847888917,0.0
0.7625255419341258,0.0
0.048347163295921286,0.0
0.1735625264377723,0.0
0.5490669437355338,0.0
0.40062689918882144,0.0
0.46865491509505647,0.0
,0.0
0.7575209889562762,0.0
0.16569661205388606,0.0
0.593986761555688,0.0
0.23923213068610577,0.0
0.3195543586249815,0.0
0.24372569333667865,0.0
,0.0
,0.0
0.7543708125951524,0.0
0.6445783837544403,0.0
0.49164936599376396,0.0
0.46053733276201314,0.0
0.7536679356070911,0.0
,0.0
0.4492652505937781,0.0
0.6680174193725495,0.0
0.14106123521738237,0.0
0.4050646401156286,0.0
,0.0
,0.0
0.34600961873009567,0.0
0.3997939547982195,0.0
,0.0
0.1480902309680068,0.0
0.044035528850203134,0.0
0.6849133409883865,0.0
,0.0
0.8280015313688515,0.0
,0.0
0.4302212116406817,0.0
0.6049453611810292,0.0
0.6887508295303562,0.0
0.6790850180461367,0.0
0.12477013719254224,0.0
0.6102577009765098,0.0
0.45350736156844873,0.0
,0.0
,0.0
,0.0
0.5357088669221988,0.0
0.4449073869903054,0.0
0.48494933451307154,0.0
0.21632296399800302,0.0
0.5615862440405647,0.0
0.7268284693099901,0.0
,0.0
,0.0
0.41218938227100116,0.0
0.5459352742399046,0.0
0.23336373959824863,0.0
,0.0
,0.0
,0.0
0.4955362924723384,0.0
0.5217745850571536,0.0
,0.0
0.378076551134939,0.0
,0.0
0.6560231743072711,0.0
0.32608760806001325,0.0
0.733919149980904,0.0
0.5492326205263381,0.0
0.7356815501796706,0.0
0.5593571111897208,0.0
0.43016295654158765,0.0
0.719364053917549,0.0
0.5603288421333487,0.0
0.38974587537370864,0.0
0.6979659671716157,0.0
,0.0
0.48467222647617114,0.0
,0.0
,0.0
,0.0
0.05493215018996935,0.0
0.1569584130305286,0.0
0.6199943798606512,0.0
0.669713105483201,0.0
0.9278651111962413,0.0
0.2153254631061926,0.0
0.4541519173755086,0.0
0.773709376413765,0.0
,0.0
0.44285941027011394,0.0
,0.0
0.7300917671000345,0.0
0.0053261401256004485,0.0
,0.0
0.6754783768637114,0.0
0.309966179708601,0.0
0.258265175633125,0.0
0.6760884437081985,0.0
0.23456514439941778,0.0
0.6120285301198453,0.0
0.22815119601319203,0.0
,0.0
,0.0
0.4288923476581666,0.0
0.5272522996786833,0.0
0.5102512628601729,0.0
0.6578353902926686,0.0
0.5647049961385586,0.0
0.3026336936142171,0.0
0.6868001180417036,0.0
0.6579353092698539,0.0
0.31640833927649026,0.0
0.4409356969657278,0.0
0.5645406833193657,0.0
0.5578584467961653,0.0
,0.0
0.15172690131538585,0.0
0.539711985797023,0.0
0.5053375885438138,0.0
0.10071024513037996,0.0
0.574584552034915,0.0
,0.0
0.559185949377955,0.0
0.7310981681942057,0.0
0.6759987054340301,0.0
,0.0
0.39647340553403765,0.0
,0.0
,0.0
0.7022338025928198,0.0
0.6527481838532873,0.0
0.7825722114988866,0.0
0.7041703255311731,0.0
0.6432134195788958,0.0
0.34103973141192334,0.0
0.09975807122720412,0.0
0.5414044346340091,0.0
0.6730086543560443,0.0
,0.0
,0.0
0.5986399581767828,0.0
0.5127501105145983,0.0
0.061770853080668396,0.0
,0.0
0.6673708389152407,0.0
0.38566948524943373,0.0
0.25763454980438893,0.0
,0.0
0.5214715161795003,0.0
,0.0
0.3952911600736677,0.0
0.72247828000513,0.0
0.5778621530233932,0.0
0.8837278189671357,0.0
,0.0
0.2547097540340019,0.0
0.42749681585554655,0.0
0.45723014485228747,0.0
0.44406032409491886,0.0
,0.0
0.6876284424141896,0.0
0.6074597638201376,0.0
,0.0
0.5111017275352217,0.0
0.48076030408678333,0.0
0.4141921466381386,0.0
0.4245181955495864,0.0
0.5678755246315447,0.0
,0.0
0.4183363354884681,0.0
,0.0
,0.0
0.38613486516156903,0.0
0.6827641639604899,0.0
,0.0
0.831081062729558,0.0
,0.0
0.18643739761260594,0.0
,0.0
0.5780311384870618,0.0
0.8365262320165696,0.0
0.24138351771736047,0.0
0.05095819768080884,0.0
0.7987728066504383,0.0
0.31656230793801954,0.0
0.2781802018199597,0.0
,0.0
0.4213008337942393,0.0
,0.0
0.6109840151158108,0.0
,0.0
0.15151873613196948,0.0
0.5400190349155864,0.0
0.16674758090093714,0.0
0.2687020765721814,0.0
0.5679412971955002,0.0
0.4683664466421031,0.0
0.5984959765345214,0.0
0.26858533187117173,0.0
0.1927781197919337,0.0
,0.0
0.25039486515946663,0.0
0.51387241402257,0.0
0.4980603289748959,0.0
,0.0
0.1966193649950819,0.0
,0.0
,0.0
0.6642737679493844,0.0
0.8725032592883243,0.0
0.14935649148831093,0.0
0.13556391958967912,0.0
,0.0
0.45981657249129215,0.0
0.2153135011036577,0.0
0.6390717581121008,0.0
0.8214768490860297,0.0
0.7823092589181556,0.0
,0.0
,0.0
,0.0
,0.0
0.5583427792052452,0.0
0.2360528971620839,0.0
0.6821435642167091,0.0
0.11727384281618981,0.0
0.8060883909918216,0.0
,0.0
0.20922540595750438,0.0
0.2697499478421006,0.0
0.5525076080459678,0.0
0.6084045214751354,0.0
0.8911256591292153,0.0
0.13673302972286938,0.0
0.6971154534703756,0.0
0.6615665434463842,0.0
0.36575766190513614,0.0
,0.0
0.2057677379327498,0.0
0.5597898733057382,0.0
0.7033371072792418,0.0
0.29231717669633905,0.0
0.24628606140651282,0.0
0.7053458632333528,0.0
0.3546527922478042,0.0
,0.0
0.21888815991552316,0.0
0.21088110101738503,0.0
0.27021179779122656,0.0
,0.0
0.15876178756767145,0.0
,0.0
0.33345134246471886,0.0
0.31612505219121606,0.0
0.5520240232656567,0.0
,0.0
,0.0
0.6858253665935621,0.0
,0.0
,0.0
0.25848902184866873,0.0
0.12615258635653867,0.0
0.8210805093904114,0.0
0.6358670803720332,0.0
0.39574200128696435,0.0
,0.0
0.40828074019619676,0.0
0.23808111081387984,0.0
0.7585246101774834,0.0
,0.0
,0.0
0.3263207367467223,0.0
,0.0
0.8013520588602173,0.0
,0.0
,0.0
0.39918606360698544,0.0
0.5764495987063054,0.0
,0.0
,0.0
0.32802740023981236,0.0
0.49986641576729834,0.0
0.2939760483124955,0.0
0.4524634444524906,0.0
,0.0
0.3492876616134271,0.0
0.39394159705255516,0.0
,0.0
0.4974630455465678,0.0
0.6849339860153204,0.0
0.41795880120001766,0.0
,0.0
,0.0
0.5449680232703706,0.0
0.7664732125309116,0.0
0.5600099039012726,0.0
0.2661425502989005,0.0
0.23563742200919932,0.0
,0.0
,0.0
0.6195039980856882,0.0
0.5787825201650652,0.0
0.403881142343976,0.0
0.2981732825062823,0.0
0.2832386228397501,0.0
0.7652763155187694,0.0
,0.0
0.8965344758436866,0.0
0.6291120474783787,0.0
0.6886407268979752,0.0
0.5433322370963085,0.0
0.06164551458892489,0.0
0.5101592512738388,0.0
0.45146362598913736,0.0
0.2190176696965483,0.0
0.15206590164301084,0.0
0.30191509623846163,0.0
,0.0
,0.0
0.330864596255281,0.0
0.6401455759537048,0.0
0.591655863278758,0.0
0.2088798204795863,0.0
0.1238170909863939,0.0
0.4633889443044384,0.0
0.2333782477198108,0.0
0.3750951530943655,0.0
,0.0
0.8003806334041471,0.0
0.4331285455624351,0.0
,0.0
0.4816306424555599,0.0
0.21579917921553382,0.0
,0.0
,0.0
0.13380775484684707,0.0
0.2623906450260563,0.0
0.6653247151320576,0.0
0.3585711565652446,0.0
,0.0
,0.0
0.5080150485453103,0.0
0.6587866315750461,0.0
0.5811401208046576,0.0
0.5107726807523034,0.0
,0.0
0.11501797850629278,0.0
0.05329711179001879,0.0
0.6031970329843819,0.0
,0.0
,0.0
0.42297022672489404,0.0
0.3054937971542043,0.0
0.873473264931055,0.0
0.4459451260102672,0.0
0.1390566811447446,0.0
,0.0
0.029334617119862714,0.0
0.3278582175445603,0.0
,0.0
0.769194643989952,0.0
0.35441264369356673,0.0
0.5962196915029496,0.0
,0.0
0.510938256299823,0.0
,0.0
0.3525321060223516,0.0
0.6794350756507183,0.0
0.20903631250845633,0.0
,0.0
0.21090374746047197,0.0
0.10161725062668231,0.0
0.66315003799356,0.0
,0.0
0.12964335694713514,0.0
,0.0
0.5185303825688977,0.0
0.2863675677969969,0.0
,0.0
,0.0
0.21896884635193323,0.0
0.8255015774060704,0.0
0.22202987936633234,0.0
0.24708290109060674,0.0
0.7275108123197772,0.0
0.5013978379151679,0.0
0.7127082677632055,0.0
,0.0
0.37510049946176405,0.0
0.19378573148694248,0.0
0.4171767867707409,0.0
0.7381459852519999,0.0
,0.0
0.3839905738798802,0.0
0.6109401755187269,0.0
0.6868479921558428,0.0
0.20525937841294373,0.0
0.6265822869155147,0.0
0.712340537438555,0.0
,0.0
,0.0
0.7231691315009267,0.0
,0.0
0.5051495628887316,0.0
,0.0
,0.0
,0.0
0.7414304322659203,0.0
0.4412035553466912,0.0
,0.0
,0.0
0.601325764272459,0.0
0.26152680615091967,0.0
0.2570641904891986,0.0
0.33531506893313756,0.0
0.40775836649410235,0.0
0.799864695199524,0.0
0.36383839416850333,0.0
0.3417286325067408,0.0
0.1915782052287345,0.0
0.3942463385361106,0.0
,0.0
0.8802967092317845,0.0
,0.0
0.49329482959054005,0.0
,0.0
,0.0
0.3711936575665069,0.0
0.3269801102345186,0.0
,0.0
0.5045795687794128,0.0
0.70223329523328,0.0
,0.0
0.863423798213017,0.0
,0.0
,0.0
0.5380894477707868,0.0
0.715633198829127,0.0
,0.0
0.812088605790492,0.0
0.2258055101246271,0.0
0.21229351493567783,0.0
0.19416837786551694,0.0
0.06290937997507443,0.0
0.2839307295985191,0.0
0.35406569024924983,0.0
,0.0
0.1875838300000512,0.0
0.783961065308964,0.0
0.5287523996438118,0.0
0.3958269036267187,0.0
0.1724156165813471,0.0
,0.0
0.3810000331054888,0.0
0.7081581201019571,0.0
0.7276336080252227,0.0
0.5517453972050693,0.0
,0.0
,0.0
0.6839001428794292,0.0
0.6740267112867059,0.0
,0.0
0.4236773387663378,0.0
0.19177777621738631,0.0
,0.0
0.12027770100558276,0.0
0.5471860738872366,0.0
,0.0
0.7036524132880029,0.0
,0.0
0.2856689875255366,0.0
,0.0
0.6402737992248086,0.0
0.47387488936928646,0.0
0.11688136971216503,0.0
0.8418573618304295,0.0
0.7732404165802654,0.0
,0.0
0.9395926720786308,0.0
0.4439378718484387,0.0
,0.0
,0.0
0.4551158390651902,0.0
0.5057346499691594,0.0
0.6183295915333056,0.0
,0.0
0.446249916675883,0.0
0.576586686722758,0.0
0.41180509105976637,0.0
,0.0
,0.0
0.860665750813611,0.0
,0.0
0.6633769780813655,0.0
0.5190891303342289,0.0
0.5907006283381134,0.0
0.8121950769834891,0.0
0.4166859864968942,0.0
,0.0
,0.0
0.4095349990651824,0.0
,0.0
0.48445435221399563,0.0
,0.0
,0.0
0.6479362903899446,0.0
0.4330041964236882,0.0
,0.0
,0.0
,0.0
0.36618080650106966,0.0
0.6020499236876217,0.0
0.2085575508590981,0.0
0.775549616559229,0.0
,0.0
0.5214961387220437,0.0
,0.0
0.20921525443209926,0.0
,0.0
0.6844991650477797,0.0
0.6440448967808526,0.0
0.7776225646438429,0.0
0.21581685197893802,0.0
0.6079009883526816,0.0
0.627764665773758,0.0
0.8328622696961291,0.0
0.04617947015955768,0.0
,0.0
0.5336319577712325,0.0
,0.0
,0.0
0.7251978414020641,0.0
,0.0
0.23607931747880842,0.0
0.4859001999582279,0.0
0.14634232180349646,0.0
0.23701163205909823,0.0
,0.0
0.6989838399576095,0.0
,0.0
,0.0
0.6778155636135578,0.0
0.360792207605191,0.0
0.2100662004987923,0.0
0.5618425319101965,0.0
,0.0
0.5355130155965783,0.0
0.3049249353676711,0.0
0.766544310876464,0.0
,0.0
,0.0
,0.0
0.4396376756253429,0.0
0.7416282261452357,0.0
0.5776064423538027,0.0
,0.0
0.4422380818718007,0.0
0.3515807398319478,0.0
,0.0
0.6540915500829293,0.0
0.15769522019644538,0.0
,0.0
0.23903662430155484,0.0
0.74384689992941,0.0
0.3706062235940778,0.0
,0.0
0.5590138590827166,0.0
,0.0
0.7758776580058814,0.0
0.6809194222901566,0.0
0.4512911953279268,0.0
,0.0
,0.0
0.8175338522042515,0.0
0.780874797731971,0.0
0.6485299997096194,0.0
0.4918340788738979,0.0
0.42398377878855975,0.0
0.37829034894507546,0.0
0.43038731393523394,0.0
,0.0
0.6403907372989218,0.0
0.45508378860114285,0.0
0.3345917185501911,0.0
0.34226207272041603,0.0
0.4377807511245906,0.0
0.2836206730364215,0.0
0.7505697152575649,0.0
,0.0
0.15514038699375046,0.0
,0.0
0.2816234518474131,0.0
0.2764901968865219,0.0
0.49694239665748147,0.0
0.6057638827499179,0.0
0.22751543358054793,0.0
0.31400209442455596,0.0
0.7838780234715224,0.0
0.16682931051798305,0.0
,0.0
0.4011923678104985,0.0
0.6446882280809935,0.0
,0.0
,0.0
,0.0
,0.0
,0.0
0.398687358434583,0.0
0.11502125739992285,0.0
0.18822965298179617,0.0
0.2794922022338845,0.0
,0.0
0.46552015799807145,0.0
0.4109959376097514,0.0
,0.0
0.07919208283291032,0.0
,0.0
0.5102985095324554,0.0
0.8388529836170123,0.0
0.23843763501008,0.0
0.6438648553298794,0.0
0.029136224157695387,0.0
0.6432713791015514,0.0
0.25470917297633144,0.0
0.5809163927217662,0.0
0.6950822452812683,0.0
0.4313789018847464,0.0
,0.0
,0.0
0.40965339935149886,0.0
0.6891310088777384,0.0
0.7735642475356931,0.0
0.41925120437877916,0.0
0.37319996058671157,0.0
0.5827195689264386,0.0
0.24446201648903879,0.0
0.3982848738384527,0.0
,0.0
0.4034838688193361,0.0
0.8318759931513813,0.0
0.7576573866310844,0.0
0.1888657954377355,0.0
0.7232168967417341,0.0
0.6894996041409814,0.0
0.7093659129234469,0.0
0.7535066336696233,0.0
0.5785781795702912,0.0
0.5201898665686921,0.0
0.9406142609220574,0.0
0.11117882875544877,0.0
0.6751679138379485,0.0
0.091534470751926,0.0
,0.0
0.5746676147067391,0.0
0.5910284971770208,0.0
0.494609549834207,0.0
,0.0
0.5233876224244991,0.0
,0.0
,0.0
0.3736777851768386,0.0
,0.0
0.6040160221661046,0.0
0.7782733292106141,0.0
0.7501232454200162,0.0
0.2746311210682821,0.0
0.828725687273918,0.0
0.10571381966400077,0.0
0.1360575183576253,0.0
0.6538174415740494,0.0
0.7920785998762594,0.0
0.6026183416434444,0.0
,0.0
0.24296147633057905,0.0
0.7244610499441028,0.0
0.02957386796506776,0.0
0.08190616352722707,0.0
,0.0
0.508359598551829,0.0
,0.0
0.046815792118717135,0.0
0.4221084575915938,0.0
,0.0
0.6746631907023888,0.0
0.4425296068185711,0.0
,0.0
,0.0
0.8848337075471672,0.0
,0.0
0.3077375124121211,0.0
0.40905094316476504,0.0
0.5616763725037183,0.0
0.5177339442589921,0.0
,0.0
0.7430524620726587,0.0
0.4988474961200518,0.0
0.5504069868998821,0.0
0.29430198245389655,0.0
,0.0
0.6828013594317683,0.0
0.652487556731955,0.0
0.3264236064436826,0.0
0.3804480011155463,0.0
0.6712505727797237,0.0
0.7128019671940438,0.0
,0.0
0.8357783873312652,0.0
0.7865537970729445,0.0
0.8197661044379548,0.0
0.5470699410385305,0.0
0.5999590626166394,0.0
,0.0
0.47413918199831634,0.0
,0.0
,0.0
,0.0
0.11995384087145439,0.0
0.6480915099683606,0.0
0.6973467269712788,0.0
0.31406644232892456,0.0
0.2809675552581134,0.0
0.26434231011971515,0.0
,0.0
0.5916773154807473,0.0
0.21902466539930793,0.0
0.4758249068777286,0.0
0.5623479290551244,0.0
0.3572392805949386,0.0
0.648686271534,0.0
0.3549561690319903,0.0
0.48856714128806067,0.0
0.20712335865849577,0.0
0.28938981026592386,0.0
0.3187897229111173,0.0
0.29555634013916876,0.0
,0.0
0.7887768584818172,0.0
0.4097817965905684,0.0
,0.0
,0.0
,0.0
,0.0
0.6652296116749007,0.0
0.4876781785480403,0.0
,0.0
0.6792030450347124,0.0
0.47292111724559177,0.0
0.7856824052161119,0.0
0.487665320436333,0.0
0.31275435576034044,0.0
0.6046929280492882,0.0
0.4052802810839679,0.0
0.5918947053602146,0.0
0.6655579935259017,0.0
0.2923680545835871,0.0
0.13448683690557564,0.0
0.16586117783218224,0.0
0.8927441484590123,0.0
0.29542362172873693,0.0
0.7720837510435465,0.0
,0.0
0.677804529769626,0.0
,0.0
,0.0
0.7924588327843834,0.0
0.594055446000238,0.0
0.5641120257383822,0.0
0.48067790260017224,0.0
,0.0
0.149680360217073,0.0
0.5609035097623025,0.0
,0.0
0.5128376401636572,0.0
0.5864608743677776,0.0
,0.0
0.09884981200583662,0.0
0.7801697500360006,0.0
,0.0
0.5723809777211265,0.0
,0.0
,0.0
0.5302174359711962,0.0
,0.0
0.8369394230134507,0.0
0.3137994296225295,0.0
,0.0
0.23867271229446882,0.0
,0.0
0.285469743436856,0.0
0.23331343534296,0.0
0.7003239329913257,0.0
0.2640331173496481,0.0
0.46541965470011704,0.0
,0.0
,0.0
,0.0
,0.0
0.22468889379222257,0.0
0.3907844119426184,0.0
0.6442353890172239,0.0
0.7352990893498259,0.0
0.31222849937518726,0.0
0.6915234005853276,0.0
,0.0
,0.0
0.5787023137258664,0.0
0.6294784528397865,0.0
0.25117238838840206,0.0
0.8334838136287925,0.0
0.5677657957879761,0.0
0.08895893172406116,0.0
,0.0
0.1298476330051433,0.0
0.7977349657387757,0.0
0.17421801715456,0.0
0.5008175471789403,0.0
,0.0
0.17272833238602348,0.0
,0.0
,0.0
,0.0
0.23860419165951294,0.0
0.10046188463992811,0.0
0.5656096793855647,0.0
,0.0
0.4544296647682034,0.0
,0.0
0.483225975943926,0.0
0.21276753659066397,0.0
0.40671763625156376,0.0
,0.0
0.486840443763669,0.0
,0.0
0.8200282510108049,0.0
0.5740498315158098,0.0
0.37999399954198776,0.0
,0.0
0.3674234292099706,0.0
0.2398635094237015,0.0
,0.0
0.28264537210651564,0.0
0.724739370461925,0.0
,0.0
,0.0
0.6452450608330287,0.0
0.37679198809701725,0.0
0.20694145991553822,0.0
0.2281952349227004,0.0
,0.0
0.8299740497813383,0.0
,0.0
0.45850261402174064,0.0
,0.0
0.881195959343833,0.0
0.4545205261264858,0.0
0.3200315177504092,0.0
,0.0
0.6851772429010111,0.0
0.3117982683315831,0.0
,0.0
0.5346335286191556,0.0
,0.0
0.36368173842145557,0.0
0.6514262757564832,0.0
0.7147106037586953,0.0
,0.0
0.9065538219005411,0.0
0.4555893529085874,0.0
0.7046991614943915,0.0
,0.0
0.24294574506749791,0.0
0.7111898130159684,0.0
,0.0
0.4707630626517538,0.0
0.3224969682182551,0.0
,0.0
0.2775129304558015,0.0
,0.0
0.7738186798436484,0.0
0.65155421290123,0.0
0.45517987894832257,0.0
0.15214381287005416,0.0
0.7351163863067011,0.0
0.7299491894323417,0.0
,0.0
0.7055338319441384,0.0
0.4079712251744939,0.0
,0.0
0.16167375146423088,0.0
0.7987701556663797,0.0
,0.0
,0.0
0.33830565390235756,0.0
,0.0
0.11174451445387089,0.0
,0.0
0.14000564682780672,0.0
0.28312376292897246,0.0
0.8373233780176046,0.0
,0.0
0.1589752875171791,0.0
0.3770886073660008,0.0
0.6576902031264795,0.0
0.2323340316548816,0.0
0.026620727597271618,0.0
0.7123622102063109,0.0
0.27700500804845135,0.0
0.4197538399404081,0.0
0.586992850399416,0.0
0.7055840697228668,0.0
,0.0
0.28705948833568784,0.0
0.5521459997844975,0.0
0.6048439975687531,0.0
0.2556718390127038,0.0
0.893116567455717,0.0
0.3205410625306476,0.0
0.38912040704942563,0.0
0.37252468486580764,0.0
0.5519057997463639,0.0
0.5668479599721014,0.0
0.4304527419210807,0.0
,0.0
0.3332438777370674,0.0
0.4651391355463252,0.0
0.7685745384646273,0.0
0.6085650669689054,0.0
0.5101792394275253,0.0
0.4413115198970803,0.0
,0.0
0.20547393247776022,0.0
0.12002099900916532,0.0
0.6551415544765121,0.0
0.8419411040908791,0.0
,0.0
0.3615247820292121,0.0
0.3202093014582825,0.0
0.42870751680637215,0.0
0.10843364992647431,0.0
,0.0
0.6155641463773007,0.0
0.37105150170991785,0.0
,0.0
,0.0
0.23562555306014363,0.0
0.357965985512059,0.0
0.4699526009855066,0.0
0.6090817189791449,0.0
,0.0
0.6839008770290271,0.0
0.7171847688141734,0.0
0.5812109486818209,0.0
,0.0
0.42588991111983465,0.0
0.8425804041334356,0.0
,0.0
,0.0
0.4891843094866522,0.0
0.39662961850725764,0.0
,0.0
0.29900058762031717,0.0
0.7488332606283427,0.0
,0.0
0.6934269193782728,0.0
0.771524873855753,0.0
0.22385011344730224,0.0
0.48849998926013866,0.0
0.27346243216696015,0.0
,0.0
0.4979037176357757,0.0
0.7306605832246237,0.0
0.3735818785609881,0.0
0.38173715150887066,0.0
0.14936331469418299,0.0
0.759343065218335,0.0
0.6677741496382608,0.0
0.6922371564966517,0.0
,0.0
0.28700822054398445,0.0
,0.0
,0.0
,0.0
,0.0
0.22728384516402517,0.0
0.9807992981697792,0.0
0.14389258204142996,0.0
0.6639839213499256,0.0
0.5864461726598165,0.0
0.7540263393030268,0.0
0.4598761197885034,0.0
0.10232368912819065,0.0
,0.0
,0.0
0.1476971997177119,0.0
,0.0
0.7105136571189737,0.0
0.37042814846575706,0.0
0.27191276522557195,0.0
0.42640026615186527,0.0
0.5465262467756664,0.0
0.6263506969280432,0.0
0.1819525484700135,0.0
0.8099542589220412,0.0
0.7474416832915001,0.0
0.31754189776381425,0.0
0.3202674751997749,0.0
0.8306923849210474,0.0
,0.0
0.4300662869208268,0.0
0.5996271671041514,0.0
0.5922059336685713,0.0
0.6030727404109099,0.0
0.47027965974540176,0.0
0.40311707360811205,0.0
0.6786045224625945,0.0
,0.0
,0.0
0.30914749078184217,0.0
,0.0
0.4561118759916452,0.0
0.2846420252020639,0.0
0.690643447071241,0.0
,0.0
0.7172543335219939,0.0
,0.0
,0.0
0.8821542508581789,0.0
,0.0
,0.0
0.5060467082504804,0.0
0.3702199860119893,0.0
0.17962750488473453,0.0
0.41889853425419427,0.0
0.3944463116376224,0.0
0.3329657859413772,0.0
0.5698918767684469,0.0
,0.0
0.13996058090482746,0.0
0.5240895049216244,0.0
,0.0
0.6082626585749514,0.0
0.6084451864845423,0.0
,0.0
0.4063468468700922,0.0
0.6538957224040137,0.0
0.37348438109319165,0.0
,0.0
,0.0
0.8687015262767498,0.0
,0.0
0.6509413357029906,0.0
0.811166175263854,0.0
0.16402324265921478,0.0
0.31266409371076453,0.0
0.6368057192735538,0.0
,0.0
,0.0
0.1471478646428306,0.0
0.2186051121296959,0.0
,0.0
0.7121557896307046,0.0
0.6595753396230838,0.0
,0.0
0.13858923861682906,0.0
,0.0
0.557565249843137,0.0
0.3125686288390149,0.0
0.4494942077391133,0.0
0.360640894828411,0.0
0.6827800534780787,0.0
0.23820975034103078,0.0
0.5276556244575538,0.0
,0.0
0.2070845235008827,0.0
0.7818070661846156,0.0
0.8150655508642392,0.0
,0.0
0.4302753211854419,0.0
0.3620592162207577,0.0
0.7323086402408115,0.0
0.578890568700583,0.0
0.6147000298772196,0.0
,0.0
0.16554126771752006,0.0
,0.0
0.31211189650199384,0.0
,0.0
,0.0
0.25792190364265855,0.0
0.4721272421331583,0.0
0.4088840883052687,0.0
0.7339326576352675,0.0
0.22690970729764784,0.0
0.3874852625248457,0.0
0.27866207197585335,0.0
,0.0
,0.0
0.17897242829541243,0.0
0.4393427697408684,0.0
,0.0
0.16614269547373792,0.0
0.4338236105777683,0.0
0.3683862167592943,0.0
0.8574674993266235,0.0
0.16354303434156123,0.0
0.4992831375619966,0.0
0.515603555365,0.0
0.2827508095717709,0.0
0.5955268926514865,0.0
0.5278425366491055,0.0
,0.0
0.40889163479770935,0.0
0.4898801218999018,0.0
0.7323802489117134,0.0
,0.0
,0.0
0.49269325538867687,0.0
,0.0
,0.0
0.07753207800834554,0.0
,0.0
0.7777813481110295,0.0
0.742585131114702,0.0
0.66185196772698,0.0
,0.0
0.3673012750749028,0.0
0.19134374526067544,0.0
0.5185250504549818,0.0
,0.0
,0.0
0.38814757398568,0.0
0.43601722979353935,0.0
0.4987090602928832,0.0
0.05767372486762089,0.0
0.7665351809020335,0.0
0.4746762851348576,0.0
0.28833512329520106,0.0
0.5684876163969163,0.0
0.637934649102946,0.0
0.2917141351596707,0.0
0.469793155730032,0.0
,0.0
0.5035201530731818,0.0
0.40734508250116747,0.0
,0.0
0.308685825204134,0.0
0.7038525197632481,0.0
,0.0
0.34870073928760337,0.0
0.07541014535698343,0.0
0.19298052210655783,0.0
,0.0
0.7859538836011714,0.0
,0.0
,0.0
0.5468894802330349,0.0
0.1891578681195257,0.0
0.6794124033154629,0.0
0.6756512673765535,0.0
0.45600992037900273,0.0
0.448401823499471,0.0
,0.0
0.47176379488743037,0.0
0.6485072788964712,0.0
0.2319369321797685,0.0
,0.0
0.4389003035817111,0.0
,0.0
,0.0
0.32130674123237296,0.0
,0.0
0.22742563559381074,0.0
0.640705592861045,0.0
,0.0
,0.0
0.6484701647203782,0.0
,0.0
0.8462743648863528,0.0
0.6748271250380901,0.0
,0.0
0.08171633478474101,0.0
0.5759930226873994,0.0
0.3538157079470941,0.0
0.42355071337884553,0.0
0.10688955148070237,0.0
0.7184184684834976,0.0
,0.0
0.7182590523321198,0.0
0.4488105712163598,0.0
,0.0
0.36497044006771656,0.0
0.36283330194927155,0.0
0.1519728255636327,0.0
0.6793263902348551,0.0
,0.0
0.7117882485381468,0.0
,0.0
0.32492477233815614,0.0
0.33853979962814096,0.0
0.4562964332174993,0.0
0.4705366606713172,0.0
,0.0
,0.0
0.20222182686408427,0.0
,0.0
0.7394182480360276,0.0
,0.0
0.31373326719474925,0.0
0.5444149096069033,0.0
0.5746212058451807,0.0
0.36732687886408893,0.0
0.461620464253184,0.0
0.1176966563559203,0.0
0.1797293803508709,0.0
0.7031401134412841,0.0
0.2765641675698477,0.0
0.7984648061841556,0.0
0.6058359861079785,0.0
0.6015394752790572,0.0
,0.0
0.700144970805627,0.0
0.49658453933110863,0.0
0.632105590920644,0.0
,0.0
0.29857114037109317,0.0
,0.0
,0.0
,0.0
,0.0
0.09796919292147505,0.0
0.4718434388576928,0.0
0.4555693639773888,0.0
0.7797785624280916,0.0
0.34956137072294674,0.0
0.8110655452322838,0.0
0.6752439227552541,0.0
0.4982202254922248,0.0
,0.0
,0.0
0.39498929377910336,0.0
0.07747695513760122,0.0
0.6665921728423148,0.0
0.49802662036858947,0.0
0.41324022345982564,0.0
0.45538536293153264,0.0
0.17449565793748736,0.0
0.10145957262857302,0.0
0.0974070980626383,0.0
0.2078486122460628,0.0
0.3855157317441955,0.0
,0.0
0.8604646671250216,0.0
0.6549713588658421,0.0
0.28547360037794406,0.0
0.5548437063563701,0.0
0.8622620902847337,0.0
0.7785788170816171,0.0
0.3665930077299497,0.0
,0.0
,0.0
0.5513231028865871,0.0
0.6371638956964811,0.0
0.6106685911475095,0.0
0.7097293930217436,0.0
0.3793593827940398,0.0
0.5664325252696677,0.0
0.05928699788533793,0.0
0.9070958922999803,0.0
0.7183679800374858,0.0
0.3688898573184239,0.0
0.4450827920903134,0.0
0.2905489810066054,0.0
0.20583451172357967,0.0
0.12442197809572114,0.0
0.5620276922335157,0.0
0.09201454622683529,0.0
0.432822122496256,0.0
0.14287895541485215,0.0
0.25615420458966054,0.0
0.6984839936387319,0.0
0.5989274131623926,0.0
,0.0
,0.0
0.5503110632932853,0.0
0.6914146664593133,0.0
,0.0
,0.0
,0.0
0.3397606098774517,0.0
0.3949450067446468,0.0
0.33469067084936693,0.0
0.5266175744142187,0.0
0.11700568741785991,0.0
0.009122916164848099,0.0
0.1272114415847616,0.0
,0.0
0.7123493383714546,0.0
,0.0
0.07536322205099223,0.0
,0.0
,0.0
,0.0
0.7225575907192033,0.0
,0.0
,0.0
0.36016122357591973,0.0
,0.0
0.3727804814026799,0.0
0.048196725091518025,0.0
0.808197905026475,0.0
0.1747048651586052,0.0
0.7703417143517767,0.0
0.46201178435819285,0.0
,0.0
,0.0
0.2412241576406091,0.0
,0.0
0.2500858661218474,0.0
0.4642383969872701,0.0
0.5800761110193057,0.0
0.6290843062594155,0.0
0.9515043943652431,0.0
0.26661769031513577,0.0
0.4002308222062836,0.0
,0.0
0.5713576842547557,0.0
0.5824963907563014,0.0
0.4435111541990272,0.0
,0.0
0.436566111480227,0.0
0.16549565567341099,0.0
0.5733484886702753,0.0
0.5522231754083037,0.0
,0.0
0.4674150158024636,0.0
0.5856408723170358,0.0
,0.0
0.26683699690327206,0.0
,0.0
,0.0
0.13457416856122648,0.0
0.488676030529295,0.0
0.4626723235731364,0.0
0.6660612289034525,0.0
0.717530099633084,0.0
0.4590318394905748,0.0
0.38193697525467957,0.0
0.32819895493688545,0.0
0.16193312626188247,0.0
0.12752078607516606,0.0
,0.0
,0.0
,0.0
0.4244660508211839,0.0
0.6282726940586393,0.0
0.05083006898413743,0.0
0.7260777754288674,0.0
,0.0
,0.0
0.6608374721856473,0.0
,0.0
0.41318975314091444,0.0
,0.0
0.5694849541155983,0.0
0.17750875571152944,0.0
0.7099909219319179,0.0
0.5074910094477199,0.0
,0.0
,0.0
0.7686470962244116,0.0
,0.0
,0.0
0.1851792991263155,0.0
0.6322569261490649,0.0
0.37902100089207663,0.0
,0.0
,0.0
0.47665633679118324,0.0
,0.0
0.4243087053855882,0.0
0.1796299271553028,0.0
0.4057583403002689,0.0
0.5255508829948581,0.0
0.48587659236363945,0.0
0.27223438858853194,0.0
0.18908800411048254,0.0
0.42683706800333354,0.0
0.20089970804032875,0.0
0.4707665109743373,0.0
,0.0
0.5654506798083625,0.0
0.366623847633331,0.0
0.2748218950285487,0.0
0.8227339906806774,0.0
,0.0
0.638819858714133,0.0
0.750262914335688,0.0
0.6092391137932665,0.0
,0.0
0.7081968795243768,0.0
0.10792368011898158,0.0
,0.0
,0.0
,0.0
0.5408038024085432,0.0
,0.0
0.5197291675886788,0.0
0.34706913920956844,0.0
,0.0
0.39281037731141083,0.0
0.6673306108096878,0.0
0.7240511394777318,0.0
0.580332969155836,0.0
0.6685650514145042,0.0
0.5404714294926681,0.0
0.17610364535016623,0.0
,0.0
0.7341191547308129,0.0
,0.0
0.9054041618819,0.0
,0.0
0.5982734899231019,0.0
,0.0
0.31807745146031097,0.0
,0.0
0.27057029376958547,0.0
0.5560105357012933,0.0
,0.0
,0.0
0.16810393646878666,0.0
0.2950432434190744,0.0
0.832665608582731,0.0
0.6506859153620568,0.0
0.1112998877172826,0.0
0.30836818494058116,0.0
,0.0
0.6924434344293535,0.0
0.7253263570938628,0.0
,0.0
0.15825335502278734,0.0
0.6493370608033562,0.0
0.6449599877907273,0.0
0.26743541711285646,0.0
,0.0
,0.0
0.5177714450701846,0.0
0.40965168348721664,0.0
,0.0
0.5731858931271769,0.0
0.5194165405991399,0.0
0.5309775327849193,0.0
0.33450725272131493,0.0
,0.0
,0.0
0.2703344277537987,0.0
0.45528062633983796,0.0
0.5690933854260587,0.0
,0.0
0.5797916220839758,0.0
0.30542407235604335,0.0
0.5313690521759367,0.0
,0.0
0.17791173684365263,0.0
0.10319841896894755,0.0
0.12321705370183039,0.0
0.30194535786906473,0.0
0.1465402442257559,0.0
0.40567386708204817,0.0
,0.0
,0.0
0.8289704785794845,0.0
0.7049306677388905,0.0
,0.0
,0.0
0.38611291948142684,0.0
,0.0
0.3456035800884807,0.0
,0.0
0.863140842166453,0.0
0.3998921988923622,0.0
,0.0
0.27743073837698345,0.0
0.14221458003997073,0.0
0.6778027164770497,0.0
,0.0
0.5813462279571012,0.0
,0.0
0.472623033111861,0.0
0.8078589725444854,0.0
0.8086051343027876,0.0
0.8221084533379444,0.0
,0.0
,0.0
0.2222712199763983,0.0
0.3318551198334232,0.0
,0.0
0.4652785819040528,0.0
0.4468418043151759,0.0
0.5468068567005311,0.0
0.1905767919565909,0.0
0.23001339179251623,0.0
,0.0
0.8477365270594205,0.0
0.34053714163484544,0.0
0.3521542715154263,0.0
0.5043610741438973,0.0
0.7686418266093903,0.0
0.2691544043218714,0.0
0.29248711197636357,0.0
0.15191727798061694,0.0
0.12958527175866796,0.0
0.4529457793954047,0.0
,0.0
0.2820848210485958,0.0
0.6195767127298286,0.0
0.8991680215624132,0.0
0.25448243393554404,0.0
0.5775378879736002,0.0
0.15202928046050723,0.0
0.6158249956663086,0.0
0.6251117388602908,0.0
0.37929726452975754,0.0
,0.0
0.2352066730508496,0.0
0.5320359783754681,0.0
0.41669126463755124,0.0
0.2623860724405394,0.0
0.4328611268017772,0.0
0.3992727882419829,0.0
0.08801311181367807,0.0
0.0908191723234553,0.0
0.44336708805517827,0.0
0.502137947613363,0.0
0.5195049310725977,0.0
0.5774172671773984,0.0
0.6818673655046098,0.0
0.9179676296086798,0.0
0.7929828540729705,0.0
0.2898756927939799,0.0
,0.0
0.5298721628618975,0.0
,0.0
0.2873597250197562,0.0
0.22760599807903772,0.0
,0.0
0.18767741645548547,0.0
0.20418481217816636,0.0
,0.0
0.17651320472787016,0.0
,0.0
,0.0
0.26266113905118416,0.0
0.5844953219557992,0.0
0.6673116439580737,0.0
,0.0
0.33569839219715886,0.0
0.4989283926673218,0.0
0.46287412692488994,0.0
0.8654524756466265,0.0
,0.0
0.22328832800749762,0.0
0.6887754478939198,0.0
0.19549212102481947,0.0
0.5075574438137007,0.0
,0.0
0.36484031830184444,0.0
,0.0
0.40194634189860107,0.0
0.20399466905046332,0.0
0.8452348514834465,0.0
0.5038632349825588,0.0
0.5263576006054709,0.0
0.13909829252181002,0.0
0.5844934598154075,0.0
0.48599267031266474,0.0
0.45013297854358897,0.0
0.6115881678122175,0.0
0.7090520561368414,0.0
,0.0
0.7416625124831727,0.0
0.09099457961210626,0.0
,0.0
0.34791541146670335,0.0
,0.0
0.8774935041397018,0.0
0.43392972219793324,0.0
0.30592350848861305,0.0
,0.0
,0.0
0.8400410963777134,0.0
0.287938083450242,0.0
0.3269885772592523,0.0
0.3088099280401761,0.0
,0.0
0.442888406448895,0.0
0.3336676595320184,0.0
0.2559875168844367,0.0
0.5755563244402092,0.0
0.7153199586260246,0.0
0.2888262813826846,0.0
,0.0
0.8595312600141664,0.0
0.8510899155448052,0.0
0.25283318022452284,0.0
0.24761663251119992,0.0
0.39234909785123495,0.0
0.5557513824562698,0.0
0.6670626501898708,0.0
,0.0
0.7786743467786428,0.0
0.4341938869012403,0.0
0.5971315404691725,0.0
0.4841031268101185,0.0
,0.0
,0.0
0.6122067893605105,0.0
0.860016102688332,0.0
0.5242431734270276,0.0
0.5788612688226767,0.0
,0.0
0.12177607851308898,0.0
0.3172459270080369,0.0
0.542546860510387,0.0
0.7661876039588887,0.0
,0.0
0.4520762692784487,0.0
0.6917867781337954,0.0
0.30317368051255716,0.0
,0.0
,0.0
0.4089297300483078,0.0
,0.0
0.24351214494500112,0.0
0.5138131554264167,0.0
,0.0
0.33032882373333966,0.0
0.5331683435850645,0.0
0.7658134259228041,0.0
,0.0
0.4738059943978257,0.0
0.2872956917853582,0.0
0.49939191877785294,0.0
,0.0
0.45937857300546664,0.0
,0.0
,0.0
0.6683307654586623,0.0
,0.0
0.5084853823343044,0.0
,0.0
,0.0
0.7523115769716245,0.0
,0.0
0.23253729508813056,0.0
,0.0
,0.0
0.47005202471245106,0.0
0.5261282858613668,0.0
,0.0
0.10518368480499232,0.0
0.5119219762780352,0.0
0.11796573586486371,0.0
,0.0
0.3572110464699192,0.0
,0.0
0.8007926958352385,0.0
0.38119377834916823,0.0
,0.0
0.6889176483276878,0.0
0.36110985027741604,0.0
0.7488758965247753,0.0
0.09944164173463317,0.0
0.49978874841357873,0.0
,0.0
0.15280095293276447,0.0
0.23372407336436016,0.0
0.28365116979854155,0.0
0.7041576733143302,0.0
0.13915290546499645,0.0
,0.0
,0.0
,0.0
0.3912970915267992,0.0
,0.0
0.8049724187127201,0.0
,0.0
0.7495295840956085,0.0
0.3988821709540277,0.0
0.4471463751228604,0.0
0.5119990352454944,0.0
0.7222039997723216,0.0
,0.0
,0.0
,0.0
0.5471093717540314,0.0
,0.0
0.7427071831985645,0.0
0.24547905839985318,0.0
,0.0
0.4615400060411987,0.0
0.4507017624474971,0.0
0.6823211276553278,0.0
0.11912577120024181,0.0
,0.0
,0.0
0.5853134557148997,0.0
0.8360349131833626,0.0
0.2249170230344952,0.0
0.2847398924934686,0.0
,0.0
0.5968587632838271,0.0
0.1324616850843926,0.0
,0.0
0.7111663293287979,0.0
0.6721071354073367,0.0
0.26587186234425014,0.0
0.6505604261537473,0.0
0.6467382647424594,0.0
,0.0
0.43671791986145514,0.0
0.6811266589586802,0.0
,0.0
0.5755800153500858,0.0
0.15166636627437236,0.0
0.5505324974599836,0.0
0.6165363203453368,0.0
0.510761519551814,0.0
0.4970960291191548,0.0
0.811832829839608,0.0
0.1508028688255629,0.0
0.3075233202701153,0.0
0.5070682907119576,0.0
,0.0
0.3231144089880073,0.0
,0.0
0.2850867967509501,0.0
,0.0
0.6368154065199106,0.0
0.48701466131369614,0.0
,0.0
,0.0
0.15407335520057713,0.0
,0.0
0.30627288871612207,0.0
0.40282436240388636,0.0
,0.0
0.5350975114115207,0.0
,0.0
0.39162755374264036,0.0
0.49961482820408964,0.0
,0.0
0.471205231202865,0.0
,0.0
0.47808906631273923,0.0
0.7974496856323138,0.0
0.16025355920513054,0.0
,0.0
,0.0
0.37210433303741514,0.0
,0.0
0.5877203736363191,0.0
,0.0
0.43226230024900053,0.0
0.4087241391392551,0.0
0.7674511442146844,0.0
0.012913711132143253,0.0
0.8601539361108975,0.0
0.3827740959596979,0.0
,0.0
0.26084001722484246,0.0
0.8473976083670413,0.0
0.1902259014596485,0.0
0.4073398849084994,0.0
0.5931873460917907,0.0
0.5612155422769253,0.0
,0.0
0.8236085440266675,0.0
0.6320842570012684,0.0
0.27045450005696936,0.0
,0.0
0.5770692642608005,0.0
,0.0
,0.0
0.8066565911097953,0.0
0.7051500679969934,0.0
0.7152150955522565,0.0
0.27276367050678446,0.0
0.2661170423176689,0.0
0.4320353302018076,0.0
,0.0
0.2150325969217328,0.0
0.6134023984513742,0.0
0.10257086317605434,0.0
,0.0
0.6661843985484865,0.0
0.8297092399357506,0.0
0.05691967106339706,0.0
0.7495417852772884,0.0
0.5411134647649279,0.0
0.8184804794041358,0.0
0.16837099494027588,0.0
0.5749197830621401,0.0
0.5944716010893549,0.0
0.7272082207767235,0.0
0.6540485153583615,0.0
,0.0
0.14775047172829145,0.0
0.5235487218325416,0.0
0.45775104026573527,0.0
0.828906070922753,0.0
0.8623429740166763,0.0
,0.0
0.4484206089256327,0.0
0.7307046139021673,0.0
0.32662258372946606,0.0
,0.0
,0.0
0.5069264079139957,0.0
0.19692834049844038,0.0
0.7522427965485247,0.0
0.7802467152738096,0.0
0.7721758685046449,0.0
,0.0
0.5941112083718216,0.0
0.145552368213424,0.0
0.22652222318439963,0.0
,0.0
,0.0
0.6620019922198126,0.0
,0.0
0.6919831183327916,0.0
0.8454137461817156,0.0
0.46890538387436986,0.0
,0.0
0.25719836098047966,0.0
0.5632200772976901,0.0
0.4598319630840817,0.0
0.6506760220812643,0.0
0.5409851471208014,0.0
0.562057984815609,0.0
0.28845778902367153,0.0
0.4766634798186216,0.0
0.2547697217160375,0.0
,0.0
,0.0
,0.0
0.6933719501111806,0.0
,0.0
0.42450753355456,0.0
0.6871445218259984,0.0
,0.0
0.3058202858116537,0.0
,0.0
0.16783146913498598,0.0
0.15891581650825026,0.0
0.22813539174254807,0.0
0.48736471309782664,0.0
0.8489673305499814,0.0
0.6625201497164126,0.0
0.34271611409759156,0.0
,0.0
0.3024537305144476,0.0
0.05004045326000207,0.0
0.5310859178021274,0.0
0.23846662151832945,0.0
0.5449493585453792,0.0
0.25775406085869546,0.0
0.9408935001397152,0.0
0.7288777851751822,0.0
0.4338066025599817,0.0
0.4592113857367904,0.0
,0.0
,0.0
,0.0
,0.0
0.6905266527094037,0.0
0.20391880305631924,0.0
0.4350083293215161,0.0
,0.0
0.8395965819487221,0.0
0.6723125510085131,0.0
0.4355922810449507,0.0
0.4169378029763362,0.0
,0.0
,0.0
,0.0
0.5862253675724635,0.0
,0.0
,0.0
,0.0
0.8298030525935233,0.0
,0.0
0.5392702416082739,0.0
,0.0
0.49819221090758237,0.0
,0.0
0.6003206625259376,0.0
0.16359009899501478,0.0
,0.0
0.5139555076445904,0.0
,0.0
0.6251312295939018,0.0
,0.0
,0.0
0.6036465128871149,0.0
,0.0
0.6855990467097637,0.0
0.6663648604824617,0.0
,0.0
0.26576804678133303,0.0
0.6175349372259953,0.0
,0.0
,0.0
0.27511313578077606,0.0
0.8093743417439478,0.0
,0.0
,0.0
0.5743203619476541,0.0
0.44667589354785153,0.0
,0.0
,0.0
,0.0
,0.0
,0.0
,0.0
0.6453333201218313,0.0
,0.0
0.15263296110251418,0.0
0.5415137930906314,0.0
0.5542470154482565,0.0
0.3552867707387333,0.0
,0.0
0.5057721355062117,0.0
,0.0
0.729931281342416,0.0
0.1457716212313067,0.0
,0.0
0.6716293706456605,0.0
0.4011144940428495,0.0
0.7477603708880382,0.0
0.1670940466019333,0.0
0.4232745760325899,0.0
0.6151433136912223,0.0
,0.0
0.2626120996664479,0.0
0.45861766625687805,0.0
,0.0
0.46559701110256135,0.0
0.7549793114496276,0.0
0.18648800426760864,0.0
,0.0
0.7355429079764549,0.0
0.190695384686521,0.0
0.3275493618035079,0.0
0.7583042061001515,0.0
,0.0
,0.0
,0.0
0.3282995318964409,0.0
0.903648198286484,0.0
,0.0
,0.0
,0.0
0.7921068648003498,0.0
0.4851764863876535,0.0
0.3075163774316089,0.0
,0.0
,0.0
0.5864827643439592,0.0
0.47271420027328825,0.0
0.24769849242417402,0.0
0.2583205110289571,0.0
0.23971466404461253,0.0
,0.0
0.350663792849174,0.0
0.3408296439130906,0.0
0.465823812215223,0.0
0.16407755570432644,0.0
0.9100984251130766,0.0
0.44268820729639297,0.0
0.15863980160903443,0.0
0.11112180433663287,0.0
0.7121773030956006,0.0
,0.0
0.6000288404555196,0.0
,0.0
,0.0
,0.0
0.33264068598490176,0.0
0.6612486623234781,0.0
,0.0
0.30779656782786236,0.0
0.7860975244728428,0.0
,0.0
0.5742962745702349,0.0
,0.0
0.5629964526804522,0.0
0.8963113882305559,0.0
0.8442345410148197,0.0
0.3872228844062795,0.0
0.3808368930300335,0.0
,0.0
,0.0
0.2685324342295892,0.0
0.4846256765465444,0.0
0.6702166565839497,0.0
0.5947945687511178,0.0
0.1761414709431214,0.0
0.6061417015040266,0.0
0.3131145507299537,0.0
0.43249905565165797,0.0
0.29821532832079184,0.0
0.1726489618780114,0.0
0.1858660537073772,0.0
0.4484012130371602,0.0
0.5015360630396533,0.0
0.6799923692703371,0.0
0.39939054121033296,0.0
0.36415319160702414,0.0
,0.0
,0.0
,0.0
0.06033574373918437,0.0
,0.0
,0.0
0.46750798611248723,0.0
,0.0
0.5265107585683295,0.0
0.501079298368878,0.0
,0.0
,0.0
0.36370486469164504,0.0
0.7050180407771083,0.0
0.5889021492268253,0.0
,0.0
,0.0
0.24809915424651147,0.0
0.5434787144147507,0.0
0.4322310722567981,0.0
0.9062986322536181,0.0
0.5423814497975045,0.0
0.3737784875817687,0.0
,0.0
0.45075907651987446,0.0
0.4134845583965183,0.0
0.38679034780688676,0.0
0.7417408790955455,0.0
0.7402431140339711,0.0
0.2577336091746953,0.0
,0.0
0.15180120356153395,0.0
0.43476190402390985,0.0
0.2503746381379623,0.0
0.3229951899930717,0.0
,0.0
0.1547747867001716,0.0
0.4889775998350354,0.0
,0.0
,0.0
0.5466478910333367,0.0
0.4940489654205254,0.0
0.11361685322992554,0.0
0.2725480893628618,0.0
,0.0
,0.0
,0.0
0.3669956809235401,0.0
0.2859949565223222,0.0
0.5789751035040603,0.0
0.549932092215653,0.0
0.19043793425145403,0.0
0.44261790923933214,0.0
0.6337378600013577,0.0
0.347306667894662,0.0
,0.0
0.04695030086403852,0.0
0.3344068081687387,0.0
0.9058527570299183,0.0
0.8742462089159739,0.0
0.7640360462127861,0.0
0.6227423070851248,0.0
,0.0
0.2584642455156985,0.0
0.37875819465852095,0.0
0.6177154698417643,0.0
0.21044097071287035,0.0
,0.0
,0.0
0.41396164069237656,0.0
,0.0
0.5572806315603201,0.0
,0.0
,0.0
0.44481246640293937,0.0
0.25714575728325806,0.0
0.655374672289304,0.0
0.24283071458797753,0.0
0.5467926055546963,0.0
0.6232954362750605,0.0
0.7647204368770896,0.0
,0.0
,0.0
0.3351926165120049,0.0
,0.0
0.21756227747439935,0.0
,0.0
,0.0
0.07316900433032414,0.0
0.34068410788194037,0.0
0.3816242830605011,0.0
0.0416196144458515,0.0
0.795636262659166,0.0
,0.0
0.7943479489460697,0.0
0.28836043060411554,0.0
,0.0
,0.0
,0.0
,0.0
0.42990995153280537,0.0
0.515474845483978,0.0
0.3032213475505227,0.0
0.42946419166673333,0.0
0.27136282557973523,0.0
,0.0
0.5929273006677045,0.0
0.36609331907182596,0.0
0.06265565683744172,0.0
0.6124595032508617,0.0
,0.0
0.7174655135273996,0.0
0.18841272860095407,0.0
0.7631694918983202,0.0
,0.0
0.7172183765372714,0.0
,0.0
0.34278549310399553,0.0
0.4711778013432133,0.0
0.4910524770353992,0.0
0.3441348978694649,0.0
0.545585388439097,0.0
0.2059062996335059,0.0
0.6371111361162427,0.0
0.28639638227001835,0.0
0.3517087594282295,0.0
0.23798257148193938,0.0
0.5050427666822065,0.0
,0.0
0.23004289432704325,0.0
,0.0
0.6073379600193018,0.0
0.516285175196001,0.0
0.2613606699385394,0.0
,0.0
0.6623365986050529,0.0
0.19602826725217912,0.0
,0.0
,0.0
,0.0
0.6241828396932395,0.0
0.49679495824094877,0.0
0.5476732174555777,0.0
0.3422702817832926,0.0
,0.0
0.18523652022450568,0.0
0.31376803129167147,0.0
0.2029017466105457,0.0
,0.0
,0.0
,0.0
0.59695550978988,0.0
,0.0
0.44220169713467516,0.0
0.5308059848423264,0.0
0.42332033168447497,0.0
0.27143354559535154,0.0
0.7795891594469527,0.0
0.7572911271628906,0.0
0.2738094935148368,0.0
,0.0
,0.0
0.7124206115981969,0.0
0.17268927265891118,0.0
0.3766443098741226,0.0
0.6264832691139408,0.0
0.31662417195727227,0.0
0.4924127932379317,0.0
0.13866006581399998,0.0
0.58893827363262,0.0
0.5102279347522214,0.0
0.5601414418273758,0.0
0.33531955781567796,0.0
,0.0
,0.0
0.4162161825577208,0.0
,0.0
0.3330894453474186,0.0
0.34867542414869274,0.0
0.6408287531108835,0.0
0.21447061525643885,0.0
0.44289963667496113,0.0
0.4961717560046656,0.0
0.7685636079647012,0.0
,0.0
0.3964457023790226,0.0
0.39692184762919774,0.0
,0.0
0.21529157644027802,0.0
,0.0
,0.0
0.08653976023994837,0.0
,0.0
0.40733256329998724,0.0
,0.0
,0.0
,0.0
0.7707059528507636,0.0
,0.0
0.7529038529764049,0.0
0.8947070727506482,0.0
0.7196847830408115,0.0
0.3945209418094504,0.0
0.7510183729683436,0.0
0.8291196987460954,0.0
,0.0
0.6282237269214012,0.0
0.13218358571649408,0.0
,0.0
0.7597062350560562,0.0
0.1705603617898919,0.0
0.589434376786258,0.0
0.4509412994401944,0.0
0.4813452068124042,0.0
0.7428934251682078,0.0
0.283956327816729,0.0
0.297881145252234,0.0
,0.0
0.2788496502228322,0.0
0.30469295064619417,0.0
,0.0
0.7252194018609058,0.0
0.535922691716042,0.0
,0.0
,0.0
0.3340411926081919,0.0
0.5339476077111113,0.0
0.4821620024682171,0.0
0.6943197918903422,0.0
0.1811429329634728,0.0
0.5908511207873348,0.0
0.9266291257979974,0.0
0.2656338939571739,0.0
,0.0
0.5533268423083598,0.0
0.6037557529223117,0.0
,0.0
0.42702448918983577,0.0
,0.0
,0.0
,0.0
,0.0
0.2218606164311767,0.0
0.5481658887687212,0.0
0.10745823058090331,0.0
0.05832463034061561,0.0
0.16504103183108623,0.0
,0.0
0.617866416688954,0.0
0.4874146713512131,0.0
,0.0
,0.0
0.7438867030743064,0.0
,0.0
,0.0
0.7071063366251288,0.0
0.5466065941569634,0.0
,0.0
,0.0
,0.0
0.4580431065986693,0.0
,0.0
,0.0
0.720682420510774,0.0
0.5251728457527741,0.0
0.12264591504137302,0.0
,0.0
0.32915624311492764,0.0
0.20864031678540315,0.0
0.3697795618430019,0.0
0.7682708623063864,0.0
0.1796468231526335,0.0
0.66027811324576,0.0
,0.0
0.2905605108765998,0.0
0.6594327017692496,0.0
,0.0
,0.0
0.6561475295379164,0.0
0.06757656236852515,0.0
0.24949001407437263,0.0
,0.0
,0.0
0.524799108035772,0.0
0.22486008089114587,0.0
0.2533637257620934,0.0
0.6753716949104019,0.0
,0.0
,0.0
0.644174347457605,0.0
0.8832235176706625,0.0
,0.0
0.3100716499291893,0.0
,0.0
0.543666543504639,0.0
,0.0
0.5477238242311433,0.0
,0.0
0.4709082790950211,0.0
0.8936468356182906,0.0
0.24254786524889982,0.0
,0.0
0.7373524694822929,0.0
,0.0
0.4157558123550067,0.0
0.30074582391390037,0.0
0.03998044210366481,0.0
0.4796561050413098,0.0
,0.0
0.7546235679754513,0.0
,0.0
0.6167605376761179,0.0
